Date,Open,High,Low,Close,Adj Close,Volume
2005-07-08,7.92029,8.04803,7.53705,7.81809,7.81809,4067600
2005-07-11,7.81809,7.89474,7.71589,7.84364,7.84364,1382400
2005-07-12,8.02248,8.32908,7.97138,8.25243,8.25243,1230100
2005-07-13,8.30353,8.30353,8.12468,8.12468,8.12468,1233800
2005-07-14,8.17578,8.17578,8.07358,8.12468,8.12468,2311600
2005-07-15,8.07358,8.09913,7.92029,8.02248,8.02248,1099600
2005-07-18,7.94584,7.94584,7.58814,7.61370,7.61370,3226300
2005-07-19,7.63924,7.66479,7.61370,7.63413,7.63413,4084800
2005-07-20,7.63924,7.63924,7.58814,7.58814,7.58814,3595900
2005-07-21,7.40930,7.71589,7.25600,7.71078,7.71078,35754700
2005-07-22,7.69034,7.79254,7.61370,7.65968,7.65968,30231100
2005-07-25,7.65968,7.66479,7.14359,7.17936,7.17936,21772700
2005-07-26,7.17936,7.20491,7.02095,7.15381,7.15381,20022200
2005-07-27,7.12826,7.31732,7.08738,7.15381,7.15381,22497600
2005-07-28,7.15381,7.34798,7.13848,7.28155,7.28155,18940200
2005-07-29,7.28155,7.31732,7.14870,7.29177,7.29177,4637800
2005-08-01,7.23556,7.35820,7.14870,7.17425,7.17425,5177400
2005-08-02,7.11293,7.16914,6.90342,7.14359,7.14359,13416000
2005-08-03,7.05161,7.27133,6.99540,7.27133,7.27133,5212800
2005-08-04,7.10782,7.28155,7.09760,7.23556,7.23556,7530700
2005-08-05,7.18447,7.23556,7.10271,7.20491,7.20491,6118700
2005-08-08,7.10271,7.25600,7.07716,7.17936,7.17936,3862300
2005-08-09,7.18447,7.19469,7.08227,7.13848,7.13848,6048400
2005-08-10,7.12826,7.24578,7.11804,7.21002,7.21002,18739600
2005-08-11,7.29688,7.67501,7.29688,7.45529,7.45529,20197200
2005-08-12,7.49106,7.55238,7.40930,7.50639,7.50639,10717900
2005-08-15,7.49106,7.81809,7.46040,7.73633,7.73633,9547000
2005-08-16,7.81809,8.05314,7.67501,7.76699,7.76699,10397300
2005-08-17,7.79254,7.83853,7.69545,7.71589,7.71589,5430000
2005-08-18,7.68012,7.72611,7.64435,7.67501,7.67501,2128800
2005-08-19,7.66479,7.83853,7.66479,7.77210,7.77210,3334300
2005-08-22,7.75166,7.99693,7.75166,7.92029,7.92029,2465800
2005-08-23,7.99693,8.12468,7.85897,8.01226,8.01226,3480500
2005-08-24,7.93051,8.20133,7.93051,8.08891,8.08891,3172100
2005-08-25,8.12468,8.12468,7.83853,8.04803,8.04803,1849900
2005-08-26,8.06336,8.11957,7.74144,7.96116,7.96116,2740500
2005-08-29,7.92029,7.98160,7.78743,7.85897,7.85897,1647400
2005-08-30,7.71589,7.92029,7.66479,7.82831,7.82831,4993000
2005-08-31,7.86408,7.86408,7.69034,7.73633,7.73633,3908900
2005-09-01,7.69034,7.75166,7.65968,7.74655,7.74655,3671100
2005-09-02,7.67501,7.74144,7.62391,7.74144,7.74144,2594500
2005-09-06,7.69034,7.79254,7.69034,7.77210,7.77210,3185200
2005-09-07,7.74655,7.78232,7.71589,7.77721,7.77721,2635800
2005-09-08,7.81809,7.89474,7.70567,7.71589,7.71589,4694000
2005-09-09,7.71589,7.72100,7.64946,7.66479,7.66479,4586800
2005-09-12,7.63924,7.71589,7.62391,7.64946,7.64946,1582000
2005-09-13,7.72611,7.76699,7.50128,7.58304,7.58304,3541100
2005-09-14,7.50639,7.66479,7.50128,7.62391,7.62391,1935000
2005-09-15,7.58814,7.73122,7.58814,7.66479,7.66479,2120800
2005-09-16,7.64946,7.70056,7.62902,7.66479,7.66479,1846600
2005-09-19,7.71078,7.79254,7.65968,7.69034,7.69034,1469100
2005-09-20,7.69034,7.82320,7.65457,7.68523,7.68523,2708800
2005-09-21,7.72611,7.74144,7.53705,7.55749,7.55749,1879100
2005-09-22,7.53705,7.59836,7.48084,7.51150,7.51150,4360900
2005-09-23,7.51150,7.52172,7.38375,7.47573,7.47573,1635800
2005-09-26,7.48595,7.50639,7.43485,7.45018,7.45018,1940500
2005-09-27,7.42974,7.49617,7.38375,7.44507,7.44507,2011200
2005-09-28,7.48595,7.49617,7.33265,7.36331,7.36331,3413700
2005-09-29,7.34287,7.38375,7.25600,7.28155,7.28155,5842000
2005-09-30,7.25600,7.48595,7.23556,7.37353,7.37353,5600300
2005-10-03,7.36842,7.43485,7.36331,7.42463,7.42463,2488100
2005-10-04,7.40930,7.43485,7.13337,7.16403,7.16403,3947600
2005-10-05,7.15381,7.20491,7.05161,7.10271,7.10271,7917800
2005-10-06,7.08227,7.15381,7.02095,7.05672,7.05672,2722700
2005-10-07,7.03628,7.15381,7.03628,7.14359,7.14359,1999000
2005-10-10,7.11293,7.23046,7.10271,7.13848,7.13848,2586500
2005-10-11,7.12826,7.23046,7.10271,7.17936,7.17936,6034800
2005-10-12,7.13848,7.18958,7.12826,7.16403,7.16403,2211600
2005-10-13,7.15892,7.33265,7.14870,7.28155,7.28155,4118800
2005-10-14,7.26111,7.46551,7.25600,7.40419,7.40419,6107600
2005-10-17,7.38375,7.40930,7.15381,7.27133,7.27133,4428600
2005-10-18,7.26111,7.31732,7.19980,7.24067,7.24067,1647700
2005-10-19,7.19469,7.22024,7.07716,7.15892,7.15892,3595000
2005-10-20,7.14359,7.16403,7.06183,7.09249,7.09249,4582700
2005-10-21,7.07716,7.37353,7.07716,7.19469,7.19469,7582900
2005-10-24,7.17425,7.29688,7.17425,7.27644,7.27644,1481400
2005-10-25,7.23046,7.29177,7.14359,7.17425,7.17425,2449700
2005-10-26,7.10782,7.16403,7.10782,7.14359,7.14359,4059700
2005-10-27,7.11293,7.23046,6.99540,7.02095,7.02095,6880600
2005-10-28,7.05161,7.28666,7.00051,7.25089,7.25089,4094000
2005-10-31,7.25089,7.30710,7.13337,7.19980,7.19980,2894000
2005-11-01,7.15892,7.39397,7.15381,7.26622,7.26622,2646200
2005-11-02,7.30199,7.36842,7.23046,7.34798,7.34798,1660500
2005-11-03,7.34798,7.43996,7.16914,7.25600,7.25600,1930700
2005-11-04,7.24578,7.25600,7.13848,7.21002,7.21002,1462000
2005-11-07,7.21002,7.31221,7.14359,7.23046,7.23046,1046599
2005-11-08,7.18447,7.36331,7.17936,7.33265,7.33265,1198000
2005-11-09,7.27644,7.34798,7.04139,7.32754,7.32754,4621800
2005-11-10,7.25600,7.57792,7.25089,7.55749,7.55749,2188700
2005-11-11,7.56260,7.81809,7.47062,7.79765,7.79765,4716100
2005-11-14,7.84364,7.84364,7.68012,7.82320,7.82320,2459500
2005-11-15,7.86919,7.88963,7.76188,7.82320,7.82320,2704500
2005-11-16,7.86408,7.86408,7.61880,7.66479,7.66479,2409800
2005-11-17,7.66479,7.70567,7.49617,7.60858,7.60858,1340300
2005-11-18,7.58814,7.83853,7.58814,7.78743,7.78743,6269000
2005-11-21,7.87430,8.04292,7.74144,7.97138,7.97138,3017600
2005-11-22,7.99693,8.04803,7.86919,8.04803,8.04803,3117500
2005-11-23,8.00715,8.11446,7.92029,8.07869,8.07869,1682400
2005-11-25,8.04803,8.15534,8.02759,8.09402,8.09402,511300
2005-11-28,8.09402,8.09402,7.99182,8.04803,8.04803,3811400
2005-11-29,7.97138,8.07869,7.89985,8.04803,8.04803,3856200
2005-11-30,8.03270,8.04292,7.93562,7.97650,7.97650,2657900
2005-12-01,8.00715,8.05314,7.92029,7.99182,7.99182,1751900
2005-12-02,8.04803,8.05825,7.91518,7.97138,7.97138,1087300
2005-12-05,8.02248,8.05825,7.83342,7.91518,7.91518,2375900
2005-12-06,7.89474,7.92029,7.71078,7.72100,7.72100,2424900
2005-12-07,7.70056,8.03270,7.70056,7.81298,7.81298,1890600
2005-12-08,7.84364,7.97138,7.78743,7.91518,7.91518,837500
2005-12-09,7.91518,7.97650,7.81298,7.91007,7.91007,1036000
2005-12-12,8.04803,8.29331,8.01226,8.07358,8.07358,7388200
2005-12-13,8.11446,8.17578,8.08380,8.16556,8.16556,3618800
2005-12-14,8.12468,8.23710,8.11957,8.17578,8.17578,3021600
2005-12-15,8.16045,8.20133,7.87941,7.94584,7.94584,4391700
2005-12-16,8.01737,8.23199,7.92540,8.20133,8.20133,21100100
2005-12-19,8.15023,8.15023,7.89474,7.98671,7.98671,4158600
2005-12-20,7.96116,8.17067,7.87941,7.91518,7.91518,3368900
2005-12-21,7.92029,8.05314,7.81298,7.83853,7.83853,1557700
2005-12-22,7.80787,7.95094,7.79765,7.80787,7.80787,1340100
2005-12-23,7.79765,7.97650,7.76188,7.87941,7.87941,1257700
2005-12-27,7.86919,7.99182,7.75166,7.82320,7.82320,1605900
2005-12-28,7.78232,7.83853,7.76699,7.77210,7.77210,1186900
2005-12-29,7.82831,7.90496,7.77210,7.79254,7.79254,1961100
2005-12-30,7.76188,7.86408,7.72611,7.74144,7.74144,3111200
2006-01-03,7.72611,7.81298,7.69545,7.71589,7.71589,4513200
2006-01-04,7.71589,7.82320,7.69545,7.81809,7.81809,4394800
2006-01-05,7.84364,7.84364,7.79254,7.81809,7.81809,2185900
2006-01-06,7.89985,7.91518,7.77210,7.84364,7.84364,1792800
2006-01-09,7.81298,7.84364,7.74144,7.81809,7.81809,2336200
2006-01-10,7.76188,7.83342,7.76188,7.83342,7.83342,3887300
2006-01-11,7.78232,7.82320,7.76699,7.80787,7.80787,2184000
2006-01-12,7.78743,7.83342,7.77721,7.79765,7.79765,2153000
2006-01-13,7.82831,7.82831,7.75166,7.77721,7.77721,2422500
2006-01-17,7.75677,7.91007,7.75677,7.89985,7.89985,3049000
2006-01-18,7.89985,7.92540,7.79254,7.89985,7.89985,1442300
2006-01-19,7.88452,7.94584,7.78232,7.92540,7.92540,3354100
2006-01-20,7.87430,7.97138,7.78743,7.82831,7.82831,1866900
2006-01-23,7.81298,7.89474,7.76188,7.87430,7.87430,1275500
2006-01-24,7.85897,7.88452,7.84875,7.87430,7.87430,1255200
2006-01-25,7.85386,7.86408,7.77210,7.83342,7.83342,1783800
2006-01-26,7.92029,7.92029,7.83342,7.86919,7.86919,1444200
2006-01-27,7.86408,7.96628,7.86408,7.92540,7.92540,1253600
2006-01-30,7.97138,7.99693,7.80276,7.84364,7.84364,1028200
2006-01-31,7.87430,7.87430,7.71078,7.74655,7.74655,3007300
2006-02-01,7.69034,7.75677,7.62902,7.66479,7.66479,2234300
2006-02-02,7.65457,7.68523,7.41952,7.45018,7.45018,1970300
2006-02-03,7.39397,7.45529,7.34798,7.44507,7.44507,2440100
2006-02-06,7.41441,7.44507,7.35820,7.43485,7.43485,947700
2006-02-07,7.39908,7.44507,7.36331,7.37864,7.37864,1429500
2006-02-08,7.44507,7.64435,7.38375,7.63924,7.63924,2285700
2006-02-09,7.62391,7.67501,7.46551,7.56260,7.56260,2121300
2006-02-10,7.53705,7.56260,7.37864,7.40930,7.40930,1904500
2006-02-13,7.38375,7.47573,7.36842,7.39908,7.39908,1118000
2006-02-14,7.39908,7.42974,7.35309,7.38375,7.38375,1943300
2006-02-15,7.36842,7.46040,7.31732,7.39908,7.39908,1777700
2006-02-16,7.38886,7.54216,7.38886,7.49106,7.49106,1674000
2006-02-17,7.46551,7.50639,7.39397,7.41441,7.41441,1347900
2006-02-21,7.40930,7.48595,7.34287,7.39397,7.39397,1456200
2006-02-22,7.38886,7.52683,7.38886,7.42463,7.42463,2749900
2006-02-23,7.39397,7.46040,7.31732,7.41952,7.41952,1505100
2006-02-24,7.40930,7.42463,7.32754,7.36842,7.36842,2006300
2006-02-27,7.37353,7.58814,7.37353,7.58304,7.58304,2056199
2006-02-28,7.52172,7.57282,7.40930,7.46040,7.46040,2485700
2006-03-01,7.50128,7.60858,7.45018,7.53194,7.53194,1687100
2006-03-02,7.49106,7.49106,7.38375,7.41441,7.41441,1124600
2006-03-03,7.40930,7.49617,7.34287,7.39397,7.39397,1250300
2006-03-06,7.38375,7.44507,7.33265,7.38886,7.38886,1285700
2006-03-07,7.40930,7.46551,7.33265,7.34287,7.34287,696100
2006-03-08,7.33776,7.36842,7.19469,7.27133,7.27133,2394900
2006-03-09,7.26111,7.29688,7.15892,7.27644,7.27644,2036800
2006-03-10,7.26111,7.50128,7.24067,7.33265,7.33265,1679800
2006-03-13,7.32754,7.46551,7.26622,7.41952,7.41952,1315200
2006-03-14,7.40930,7.60348,7.40930,7.54216,7.54216,1319200
2006-03-15,7.52683,7.64946,7.43996,7.63924,7.63924,1287100
2006-03-16,7.62391,7.64946,7.46040,7.50639,7.50639,1049100
2006-03-17,7.53705,7.57282,7.38375,7.45529,7.45529,1941700
2006-03-20,7.43485,7.45529,7.35820,7.40419,7.40419,1273200
2006-03-21,7.41952,7.48084,7.36331,7.39397,7.39397,2441900
2006-03-22,7.36842,7.39908,7.24578,7.34287,7.34287,1455600
2006-03-23,7.30710,7.50639,7.21512,7.49617,7.49617,1518400
2006-03-24,7.17936,7.48084,7.09249,7.39397,7.39397,11071300
2006-03-27,7.36842,7.45529,7.32243,7.43485,7.43485,3934500
2006-03-28,7.45018,7.46040,7.40419,7.43485,7.43485,2888500
2006-03-29,7.40930,7.63924,7.39908,7.60858,7.60858,4551900
2006-03-30,7.57792,7.68012,7.55238,7.63924,7.63924,3010400
2006-03-31,7.67501,7.72100,7.59836,7.66479,7.66479,6562000
2006-04-03,7.74655,7.74655,7.61370,7.64435,7.64435,5485600
2006-04-04,7.70056,7.74655,7.61880,7.72611,7.72611,3711400
2006-04-05,7.70056,7.74144,7.63413,7.68012,7.68012,3850300
2006-04-06,7.64946,7.75677,7.58814,7.68012,7.68012,1596300
2006-04-07,7.70567,7.75166,7.56260,7.65968,7.65968,1712300
2006-04-10,7.64946,7.69545,7.50639,7.58304,7.58304,1799200
2006-04-11,7.63924,7.65968,7.46040,7.52683,7.52683,2190600
2006-04-12,7.51150,7.57282,7.49106,7.54727,7.54727,1281400
2006-04-13,7.55749,7.55749,7.41952,7.45018,7.45018,2239100
2006-04-17,7.42463,7.47573,7.34798,7.37864,7.37864,1382000
2006-04-18,7.38375,7.47062,7.38375,7.44507,7.44507,3268300
2006-04-19,7.42463,7.47062,7.39908,7.46040,7.46040,2943100
2006-04-20,7.42974,7.54727,7.40930,7.50639,7.50639,3265400
2006-04-21,7.53194,7.55238,7.45018,7.51661,7.51661,5846700
2006-04-24,7.52683,7.54216,7.45018,7.47573,7.47573,2073800
2006-04-25,7.46551,7.49106,7.38886,7.45529,7.45529,1370000
2006-04-26,7.44507,7.49617,7.36331,7.42463,7.42463,2363200
2006-04-27,7.38375,7.69034,7.32243,7.58814,7.58814,2407100
2006-04-28,7.64946,7.68523,7.56771,7.61370,7.61370,1163200
2006-05-01,7.61370,7.69034,7.57792,7.66990,7.66990,2517600
2006-05-02,7.66990,7.69545,7.48595,7.52683,7.52683,3990300
2006-05-03,7.48084,7.48595,7.25089,7.37864,7.37864,11358000
2006-05-04,7.37864,7.52172,7.36842,7.39908,7.39908,1777100
2006-05-05,7.39908,7.41952,7.29177,7.36331,7.36331,1462600
2006-05-08,7.33265,7.39397,7.29177,7.36842,7.36842,1783600
2006-05-09,7.33776,7.42463,7.33265,7.35820,7.35820,1868700
2006-05-10,7.33265,7.37864,7.26622,7.29177,7.29177,1601800
2006-05-11,7.26622,7.34798,7.26622,7.29177,7.29177,2843300
2006-05-12,7.28155,7.36842,7.14870,7.15381,7.15381,2942900
2006-05-15,7.10782,7.36842,7.10782,7.31221,7.31221,2548000
2006-05-16,7.27133,7.37864,7.23556,7.35820,7.35820,1894700
2006-05-17,7.26622,7.34287,7.16403,7.18447,7.18447,1492400
2006-05-18,7.17425,7.24067,7.04139,7.06183,7.06183,2306100
2006-05-19,7.07716,7.16403,6.97496,7.06183,7.06183,2888900
2006-05-22,7.01584,7.08227,6.95963,6.98518,6.98518,1377300
2006-05-23,6.99029,7.12826,6.99029,7.02095,7.02095,3810400
2006-05-24,6.97496,7.11293,6.97496,7.07205,7.07205,2569700
2006-05-25,7.07716,7.09760,6.99029,7.07205,7.07205,2251500
2006-05-26,7.07716,7.14870,7.01073,7.08738,7.08738,2768900
2006-05-30,7.04650,7.12315,6.98518,7.07716,7.07716,2506700
2006-05-31,7.04650,7.17936,7.01584,7.08738,7.08738,2599000
2006-06-01,7.06694,7.26622,7.02606,7.25600,7.25600,2626400
2006-06-02,7.30199,7.37353,7.15381,7.34798,7.34798,1847400
2006-06-05,7.29177,7.33776,7.11293,7.15381,7.15381,1508400
2006-06-06,7.13848,7.19469,7.09249,7.15381,7.15381,1146900
2006-06-07,7.14359,7.18447,7.06183,7.06694,7.06694,1369900
2006-06-08,7.03117,7.15892,6.95452,7.05672,7.05672,2587100
2006-06-09,7.06183,7.15381,6.98518,7.03628,7.03628,1801600
2006-06-12,7.08227,7.15381,7.01073,7.04139,7.04139,1959100
2006-06-13,7.03117,7.13848,6.97496,7.10271,7.10271,1970100
2006-06-14,7.07205,7.14359,6.99029,7.09249,7.09249,2417600
2006-06-15,7.09760,7.52172,7.09760,7.44507,7.44507,2692400
2006-06-16,7.41952,7.41952,7.23556,7.28666,7.28666,3060900
2006-06-19,7.25600,7.38375,7.20491,7.33265,7.33265,2620800
2006-06-20,7.32754,7.46551,7.24578,7.37353,7.37353,1312300
2006-06-21,7.43996,7.52683,7.36842,7.46551,7.46551,2183800
2006-06-22,7.40419,7.45529,7.27133,7.30199,7.30199,2051300
2006-06-23,7.34287,7.41952,7.27644,7.29177,7.29177,1382800
2006-06-26,7.27644,7.41952,7.27644,7.34798,7.34798,2307600
2006-06-27,7.37353,7.42974,7.26111,7.27133,7.27133,1682400
2006-06-28,7.26111,7.42463,7.24578,7.34287,7.34287,1576700
2006-06-29,7.33776,7.59326,7.28666,7.58814,7.58814,2283400
2006-06-30,7.58814,7.63413,7.40930,7.47573,7.47573,7574300
2006-07-03,7.46040,7.57282,7.46040,7.53194,7.53194,1187500
2006-07-05,7.48595,7.51661,7.38886,7.42974,7.42974,2126800
2006-07-06,7.39908,7.40930,7.25089,7.36331,7.36331,3442700
2006-07-07,7.29688,7.34798,7.23046,7.29177,7.29177,3018600
2006-07-10,7.28666,7.28666,7.15892,7.22534,7.22534,2792000
2006-07-11,7.20491,7.27644,7.17425,7.21002,7.21002,2157700
2006-07-12,7.17936,7.19469,7.07716,7.17425,7.17425,2907500
2006-07-13,7.15381,7.28155,7.11804,7.16914,7.16914,2111600
2006-07-14,7.15381,7.15381,7.02606,7.09249,7.09249,1630700
2006-07-17,7.10782,7.10782,7.00051,7.02095,7.02095,1757900
2006-07-18,7.02606,7.05161,6.94941,6.99540,6.99540,1402900
2006-07-19,6.98007,7.06183,6.94941,6.99029,6.99029,1961300
2006-07-20,6.92897,7.00562,6.88298,6.93408,6.93408,1379000
2006-07-21,6.87787,7.01584,6.86254,6.90342,6.90342,2364400
2006-07-24,6.90342,6.97496,6.85744,6.90342,6.90342,1262200
2006-07-25,6.90853,7.04139,6.87787,6.96474,6.96474,957100
2006-07-26,6.96985,7.03117,6.89831,6.91875,6.91875,1484900
2006-07-27,6.92386,6.97496,6.77568,6.89831,6.89831,3673800
2006-07-28,6.90342,6.99540,6.85744,6.88809,6.88809,1463400
2006-07-31,6.88809,6.89320,6.79612,6.80634,6.80634,1638700
2006-08-01,6.79612,6.83700,6.73480,6.78079,6.78079,1995900
2006-08-02,6.72969,7.00562,6.72969,6.90853,6.90853,2624700
2006-08-03,6.88809,7.04139,6.88298,6.92897,6.92897,1493500
2006-08-04,7.06183,7.15381,6.93408,6.95963,6.95963,1664200
2006-08-07,7.00051,7.15381,6.92897,7.07716,7.07716,1686700
2006-08-08,7.13848,7.13848,6.82167,6.94430,6.94430,1638700
2006-08-09,6.96985,7.01584,6.54573,6.77057,6.77057,3861900
2006-08-10,6.77057,6.98007,6.77057,6.90853,6.90853,1690600
2006-08-11,6.81145,7.33265,6.78079,7.17425,7.17425,2722300
2006-08-14,7.19980,7.25600,7.06694,7.06694,7.06694,2153000
2006-08-15,7.05161,7.26622,7.05161,7.25089,7.25089,1756600
2006-08-16,7.30710,7.30710,7.11293,7.23556,7.23556,1704300
2006-08-17,7.23556,7.38886,7.14359,7.36331,7.36331,2237800
2006-08-18,7.37353,7.37864,7.24578,7.27644,7.27644,1791000
2006-08-21,7.25600,7.32754,7.14359,7.29688,7.29688,1329300
2006-08-22,7.27133,7.35820,7.21512,7.26622,7.26622,1491000
2006-08-23,7.29177,7.31221,7.15381,7.20491,7.20491,836600
2006-08-24,7.23556,7.26622,7.12315,7.15381,7.15381,818400
2006-08-25,7.11293,7.31221,7.10782,7.16403,7.16403,1052400
2006-08-28,7.11804,7.18447,7.10271,7.16403,7.16403,1231700
2006-08-29,7.13848,7.13848,7.05672,7.13337,7.13337,1407200
2006-08-30,7.14870,7.17936,7.04139,7.06183,7.06183,934000
2006-08-31,7.04650,7.16914,7.02606,7.15892,7.15892,1094100
2006-09-01,7.15892,7.21512,7.12826,7.16403,7.16403,593100
2006-09-05,7.12315,7.16914,7.01073,7.02606,7.02606,1520700
2006-09-06,7.01073,7.14870,6.96985,7.02095,7.02095,1570400
2006-09-07,6.97496,7.08738,6.92386,6.93919,6.93919,1179000
2006-09-08,6.92386,7.03117,6.89320,6.99029,6.99029,913900
2006-09-11,6.93919,7.08227,6.85232,7.01073,7.01073,1628400
2006-09-12,6.99540,7.06183,6.86766,7.00562,7.00562,2712500
2006-09-13,6.92386,7.06183,6.92386,7.04650,7.04650,2515900
2006-09-14,7.01584,7.03628,6.84722,6.89831,6.89831,2069300
2006-09-15,6.94430,7.20491,6.87787,7.10271,7.10271,3921800
2006-09-18,7.05672,7.28666,7.03628,7.11293,7.11293,1301900
2006-09-19,7.14359,7.15381,7.06183,7.09760,7.09760,1208000
2006-09-20,7.13337,7.21002,7.11293,7.13848,7.13848,1648900
2006-09-21,7.10782,7.22024,7.09249,7.15381,7.15381,897200
2006-09-22,7.17425,7.25089,7.09760,7.12826,7.12826,1241100
2006-09-25,7.15381,7.22024,7.06183,7.15381,7.15381,1609600
2006-09-26,7.12826,7.21002,7.08227,7.17425,7.17425,969300
2006-09-27,7.13337,7.36842,7.13337,7.35309,7.35309,2461500
2006-09-28,7.38375,7.43996,7.33776,7.37864,7.37864,2377500
2006-09-29,7.34798,7.43485,7.33265,7.38886,7.38886,1181000
2006-10-02,7.35820,7.56771,7.34287,7.38375,7.38375,2874400
2006-10-03,7.34798,7.40930,7.24578,7.39397,7.39397,2231900
2006-10-04,7.36842,7.49617,7.35309,7.48084,7.48084,1280400
2006-10-05,7.44507,7.68012,7.40419,7.60348,7.60348,3524100
2006-10-06,7.53705,7.62902,7.51150,7.53194,7.53194,1052400
2006-10-09,7.55749,7.56260,7.45018,7.53194,7.53194,1059100
2006-10-10,7.52172,7.59326,7.49106,7.56771,7.56771,1787700
2006-10-11,7.56260,7.58304,7.39908,7.48595,7.48595,1340300
2006-10-12,7.53194,7.53194,7.37864,7.51150,7.51150,1488600
2006-10-13,7.53194,7.62391,7.47062,7.60858,7.60858,1213700
2006-10-16,7.57792,7.63924,7.56260,7.60858,7.60858,1556500
2006-10-17,7.56260,7.65968,7.49106,7.55749,7.55749,1028900
2006-10-18,7.59836,7.62391,7.40930,7.47573,7.47573,1474000
2006-10-19,7.43485,7.53705,7.39908,7.48595,7.48595,946900
2006-10-20,7.60348,7.73633,7.59836,7.69545,7.69545,4199900
2006-10-23,7.65457,7.70056,7.64435,7.65457,7.65457,993100
2006-10-24,7.62391,7.62902,7.49617,7.57282,7.57282,1485900
2006-10-25,7.53705,7.64435,7.47573,7.54727,7.54727,1762200
2006-10-26,7.53705,7.69545,7.53194,7.67501,7.67501,1351300
2006-10-27,7.64435,7.66479,7.51150,7.57792,7.57792,1640500
2006-10-30,7.58814,7.75677,7.58304,7.62391,7.62391,1841500
2006-10-31,7.59836,7.66479,7.52683,7.58304,7.58304,2603000
2006-11-01,7.61370,7.69034,7.51661,7.53705,7.53705,2296900
2006-11-02,7.49617,7.62902,7.49617,7.62391,7.62391,1566500
2006-11-03,7.63413,7.65968,7.51661,7.63924,7.63924,949500
2006-11-06,7.65968,7.74144,7.54727,7.58304,7.58304,2151500
2006-11-07,7.54727,7.69034,7.51661,7.63924,7.63924,1802000
2006-11-08,7.64946,7.73633,7.63413,7.70567,7.70567,1150900
2006-11-09,7.74655,7.74655,7.43996,7.62391,7.62391,1151100
2006-11-10,7.64435,7.69545,7.57282,7.68012,7.68012,809600
2006-11-13,7.64435,7.71589,7.62902,7.70567,7.70567,1939700
2006-11-14,7.71078,7.86408,7.58304,7.82831,7.82831,3024100
2006-11-15,7.81298,7.92540,7.79765,7.89474,7.89474,2151700
2006-11-16,7.94073,8.01737,7.88452,8.01737,8.01737,1614100
2006-11-17,8.00715,8.10935,7.99693,8.03270,8.03270,2792600
2006-11-20,7.99182,8.06847,7.89985,7.90496,7.90496,1380000
2006-11-21,7.88452,7.90496,7.80276,7.85897,7.85897,1410200
2006-11-22,7.82831,7.91007,7.76699,7.91007,7.91007,620500
2006-11-24,7.84364,7.94073,7.80276,7.86919,7.86919,392100
2006-11-27,7.83342,7.86408,7.68523,7.78232,7.78232,2045600
2006-11-28,7.79254,7.84364,7.68012,7.71078,7.71078,1510400
2006-11-29,7.71078,7.83853,7.68523,7.74144,7.74144,1846800
2006-11-30,7.71589,7.87430,7.69545,7.83853,7.83853,1960300
2006-12-01,7.83853,7.83853,7.68523,7.73633,7.73633,1815100
2006-12-04,7.74144,7.81298,7.68523,7.70567,7.70567,1847200
2006-12-05,7.70056,7.80276,7.66990,7.75166,7.75166,1795100
2006-12-06,7.74655,7.77721,7.69034,7.73633,7.73633,1790200
2006-12-07,7.81298,7.99693,7.74144,7.79765,7.79765,3545300
2006-12-08,7.83342,8.15534,7.78743,8.12979,8.12979,3756800
2006-12-11,8.11957,8.44660,8.09913,8.35462,8.35462,5267200
2006-12-12,8.35462,8.66633,8.31374,8.37506,8.37506,3662500
2006-12-13,8.42616,8.45171,8.22177,8.33929,8.33929,2730600
2006-12-14,8.38017,8.55902,8.38017,8.53347,8.53347,3414700
2006-12-15,8.63056,8.63056,8.28820,8.30353,8.30353,4963300
2006-12-18,8.31886,8.45682,8.27798,8.31374,8.31374,1534800
2006-12-19,8.25243,8.32396,8.19622,8.22688,8.22688,1916400
2006-12-20,8.25243,8.33929,8.23710,8.23710,8.23710,1677500
2006-12-21,8.24732,8.31374,8.19111,8.22688,8.22688,1269800
2006-12-22,8.22688,8.29331,8.18089,8.21666,8.21666,1383000
2006-12-26,8.19111,8.28820,8.18089,8.23199,8.23199,1352200
2006-12-27,8.32908,8.32908,8.22688,8.31886,8.31886,1062000
2006-12-28,8.27798,8.30353,8.20644,8.23199,8.23199,1337200
2006-12-29,8.23199,8.28820,8.20644,8.22177,8.22177,1405500
2007-01-03,8.26265,8.46193,8.22177,8.42616,8.42616,5871000
2007-01-04,8.43127,8.51303,8.31886,8.39039,8.39039,4627300
2007-01-05,8.39550,8.45171,8.24732,8.33418,8.33418,1795300
2007-01-08,8.32396,8.59479,8.28309,8.49259,8.49259,5654700
2007-01-09,8.52836,8.56924,8.42616,8.43638,8.43638,1606500
2007-01-10,8.39550,8.50792,8.38017,8.49770,8.49770,1696700
2007-01-11,8.53347,8.61523,8.53347,8.56924,8.56924,2713500
2007-01-12,8.58457,8.65611,8.53347,8.63567,8.63567,2337000
2007-01-16,8.63567,8.88605,8.56924,8.86050,8.86050,4352700
2007-01-17,8.86561,8.89116,8.73786,8.74808,8.74808,1977700
2007-01-18,8.84517,8.91160,8.70720,8.78385,8.78385,2268100
2007-01-19,8.75319,8.82473,8.65100,8.77363,8.77363,2167500
2007-01-22,8.77363,8.85539,8.57946,8.69188,8.69188,1946600
2007-01-23,8.63056,8.78385,8.61523,8.67655,8.67655,1453200
2007-01-24,8.67655,8.80940,8.63567,8.73275,8.73275,1107800
2007-01-25,8.62034,8.66633,8.43638,8.49259,8.49259,1827800
2007-01-26,8.52325,8.53858,8.34440,8.39550,8.39550,1912100
2007-01-29,8.35462,8.59479,8.34440,8.54880,8.54880,1789600
2007-01-30,8.47215,8.54880,8.41594,8.43638,8.43638,1489000
2007-01-31,8.47726,8.48237,8.31886,8.46704,8.46704,1903300
2007-02-01,8.46193,8.60501,8.46193,8.53858,8.53858,1609000
2007-02-02,8.54369,8.57435,8.37506,8.47215,8.47215,1348500
2007-02-05,8.43638,8.47726,8.32908,8.39550,8.39550,1592400
2007-02-06,8.45682,8.46704,8.23199,8.28820,8.28820,3501000
2007-02-07,8.30353,8.31374,8.22688,8.24221,8.24221,2936200
2007-02-08,8.23199,8.33418,8.20133,8.25754,8.25754,1907200
2007-02-09,8.24221,8.30353,8.11957,8.20133,8.20133,2026800
2007-02-12,8.19622,8.27798,8.17578,8.25754,8.25754,2258300
2007-02-13,8.23710,8.36484,8.22688,8.34440,8.34440,2505100
2007-02-14,8.38017,8.61012,8.33418,8.44149,8.44149,2971700
2007-02-15,8.41594,8.50281,8.40572,8.48748,8.48748,1197800
2007-02-16,8.47215,8.50792,8.36995,8.37506,8.37506,2202700
2007-02-20,8.34952,8.48237,8.33418,8.47215,8.47215,1425200
2007-02-21,8.47726,8.48237,8.35974,8.40061,8.40061,887300
2007-02-22,8.38017,8.43638,8.29842,8.31374,8.31374,1805700
2007-02-23,8.35462,8.38528,8.27287,8.27798,8.27798,1783200
2007-02-26,8.32396,8.33929,8.27287,8.30864,8.30864,1971000
2007-02-27,8.27798,8.35974,8.11446,8.11957,8.11957,3021000
2007-02-28,8.15023,8.43127,8.12468,8.20644,8.20644,3447200
2007-03-01,8.07869,8.45171,7.93051,8.26776,8.26776,3755000
2007-03-02,8.27798,8.27798,8.12979,8.16556,8.16556,2063600
2007-03-05,8.12468,8.18600,7.99182,8.15534,8.15534,2779100
2007-03-06,8.19622,8.69188,8.07358,8.57946,8.57946,7102300
2007-03-07,8.58968,8.74297,8.48237,8.69188,8.69188,3759500
2007-03-08,8.72253,8.80940,8.62545,8.76341,8.76341,4254500
2007-03-09,8.81451,8.81962,8.74297,8.80940,8.80940,4462900
2007-03-12,8.76852,8.79407,8.71742,8.79407,8.79407,3748000
2007-03-13,8.65611,8.79407,8.64589,8.67144,8.67144,3378100
2007-03-14,8.64589,8.68677,8.58968,8.66122,8.66122,2943100
2007-03-15,8.67144,8.70210,8.65100,8.68677,8.68677,2534100
2007-03-16,8.67144,8.74808,8.64589,8.74297,8.74297,3940800
2007-03-19,8.77874,8.91671,8.74297,8.83495,8.83495,3614700
2007-03-20,8.84006,8.84517,8.70210,8.72764,8.72764,4013400
2007-03-21,8.77874,9.14665,8.72764,9.14665,9.14665,6679000
2007-03-22,9.14665,9.21308,8.99336,9.04446,9.04446,4465200
2007-03-23,9.07000,9.39704,9.02402,9.37660,9.37660,7425400
2007-03-26,9.39704,9.39704,9.29995,9.33061,9.33061,3827300
2007-03-27,9.32550,9.36127,9.28462,9.35105,9.35105,3681100
2007-03-28,9.34083,9.39704,9.23863,9.35616,9.35616,5541400
2007-03-29,9.60654,9.94890,9.43280,9.92846,9.92846,9500600
2007-03-30,9.88247,9.95401,9.73429,9.77517,9.77517,5189900
2007-04-02,9.77517,9.88758,9.77006,9.88758,9.88758,6337100
2007-04-03,9.94379,10.24016,9.89269,10.09198,10.09198,8356299
2007-04-04,10.10731,10.26060,10.06643,10.26060,10.26060,6538900
2007-04-05,10.29126,10.29637,10.15840,10.21461,10.21461,4332700
2007-04-09,10.22483,10.42412,10.20439,10.30659,10.30659,6250000
2007-04-10,10.28104,10.54676,10.26571,10.50588,10.50588,6259400
2007-04-11,10.53142,10.54164,10.43434,10.51610,10.51610,5581700
2007-04-12,10.52632,10.76648,10.44967,10.60296,10.60296,5290500
2007-04-13,10.60296,10.72049,10.56208,10.67450,10.67450,3525500
2007-04-16,10.74604,10.90445,10.70516,10.79714,10.79714,2819600
2007-04-17,10.70005,10.80736,10.61318,10.62851,10.62851,4766000
2007-04-18,10.62851,10.82780,10.62851,10.78181,10.78181,5013600
2007-04-19,10.66939,10.72560,10.62340,10.65406,10.65406,4233300
2007-04-20,10.80736,10.87379,10.71027,10.81758,10.81758,4686600
2007-04-23,10.84313,10.85846,10.68472,10.69494,10.69494,3113700
2007-04-24,10.89934,11.24170,10.80736,10.90956,10.90956,7493100
2007-04-25,10.96576,11.33878,10.90445,11.24170,11.24170,4859600
2007-04-26,10.96065,11.15994,10.88912,11.02197,11.02197,3459500
2007-04-27,11.04752,11.10884,10.86357,11.10884,11.10884,3546200
2007-04-30,11.17016,11.23148,11.08329,11.11395,11.11395,3747000
2007-05-01,11.11395,11.15994,10.93510,11.01686,11.01686,2905900
2007-05-02,11.06796,11.09351,10.85335,10.97087,10.97087,5560000
2007-05-03,10.95044,11.27747,10.94532,11.26214,11.26214,5617100
2007-05-04,11.31834,11.48697,11.15994,11.22637,11.22637,2629800
2007-05-07,11.30812,11.75268,11.24170,11.66071,11.66071,7805200
2007-05-08,11.59939,11.80889,11.46653,11.73735,11.73735,4230600
2007-05-09,11.57384,11.60961,11.44609,11.44609,11.44609,8420300
2007-05-10,11.46653,11.46653,11.15994,11.23148,11.23148,3434500
2007-05-11,11.22637,11.49719,11.18549,11.46653,11.46653,4378200
2007-05-14,11.56873,11.76290,11.51763,11.65048,11.65048,5031800
2007-05-15,11.69136,11.74246,11.47164,11.51763,11.51763,3133700
2007-05-16,11.57384,11.77312,11.55851,11.70158,11.70158,4365400
2007-05-17,11.67604,11.70158,11.52785,11.57384,11.57384,3011000
2007-05-18,11.62494,11.75268,11.53807,11.72713,11.72713,4081300
2007-05-21,11.75268,12.13081,11.69647,12.09504,12.09504,6291700
2007-05-22,12.01329,12.13081,11.99796,12.02350,12.02350,2472800
2007-05-23,12.07460,12.10526,11.83444,11.85488,11.85488,4478700
2007-05-24,11.93664,11.93664,11.63516,11.67092,11.67092,3633300
2007-05-25,11.65560,11.80378,11.65560,11.70158,11.70158,2725500
2007-05-29,11.68626,11.98263,11.68626,11.94686,11.94686,4477400
2007-05-30,11.88043,11.95708,11.81911,11.84466,11.84466,4345700
2007-05-31,11.85488,11.97241,11.78334,11.94686,11.94686,5567200
2007-06-01,11.93664,12.12570,11.86510,12.03884,12.03884,4222800
2007-06-04,11.97241,12.24323,11.96730,12.17169,12.17169,6602500
2007-06-05,12.12570,12.23812,12.04906,12.11548,12.11548,3466200
2007-06-06,12.11548,12.11548,11.97752,11.98263,11.98263,3360900
2007-06-07,11.96219,12.03372,11.77823,11.80378,11.80378,2755600
2007-06-08,11.73224,12.05928,11.65048,12.00818,12.00818,3161500
2007-06-11,12.04394,12.13592,12.00307,12.02862,12.02862,2321100
2007-06-12,11.94686,12.43229,11.90087,12.23812,12.23812,9244000
2007-06-13,12.28922,12.37609,12.23812,12.29944,12.29944,4932200
2007-06-14,12.35054,12.41696,12.25345,12.39142,12.39142,2438200
2007-06-15,12.54471,12.62136,12.30966,12.38631,12.38631,5136900
2007-06-18,12.33521,12.39142,12.17169,12.17169,12.17169,2691600
2007-06-19,12.24323,12.25856,12.18191,12.19213,12.19213,3478700
2007-06-20,12.16147,12.22790,12.02862,12.07460,12.07460,2399400
2007-06-21,12.07971,12.16147,11.94175,11.95197,11.95197,2766800
2007-06-22,11.90087,12.16658,11.90087,11.95197,11.95197,4777000
2007-06-25,11.97752,12.00307,11.65560,11.68114,11.68114,4244700
2007-06-26,11.74757,11.76290,11.62494,11.70158,11.70158,3504300
2007-06-27,11.64026,11.71180,11.56873,11.66582,11.66582,2708600
2007-06-28,11.65560,11.82933,11.56873,11.71180,11.71180,3722600
2007-06-29,11.71691,11.85999,11.68114,11.74757,11.74757,2424700
2007-07-02,11.77312,12.02350,11.72202,11.77823,11.77823,4525900
2007-07-03,11.81911,11.83444,11.65560,11.70158,11.70158,2999600
2007-07-05,11.69647,11.79867,11.63005,11.65560,11.65560,3580300
2007-07-06,11.64538,11.88554,11.64538,11.88554,11.88554,3877200
2007-07-09,11.89065,12.00818,11.85999,11.97752,11.97752,4369900
2007-07-10,11.93153,12.25856,11.74246,12.05928,12.05928,7957700
2007-07-11,12.01840,12.23301,11.97752,12.02350,12.02350,6871800
2007-07-12,12.10526,12.21257,12.03372,12.16658,12.16658,4920400
2007-07-13,12.10015,12.27900,12.10015,12.23812,12.23812,8120500
2007-07-16,12.26367,13.08636,12.23301,13.00971,13.00971,10715500
2007-07-17,13.04037,13.26520,13.00971,13.15278,13.15278,6492900
2007-07-18,13.10169,13.18855,13.07103,13.16300,13.16300,3324300
2007-07-19,13.17833,13.28564,12.94328,13.25498,13.25498,2783800
2007-07-20,13.28564,13.28564,12.68779,12.87685,12.87685,4938800
2007-07-23,12.94839,13.15790,12.89218,12.98927,12.98927,4478000
2007-07-24,12.98927,13.04548,12.63669,12.68779,12.68779,2642700
2007-07-25,12.76955,12.78998,12.46295,12.49361,12.49361,2893400
2007-07-26,12.38631,12.51916,11.62494,12.19724,12.19724,5571700
2007-07-27,12.23812,12.53960,12.11037,12.30966,12.30966,6155500
2007-07-30,12.31477,12.44762,12.11037,12.12059,12.12059,3627200
2007-07-31,12.22279,12.45273,12.09504,12.12059,12.12059,4177200
2007-08-01,12.07460,12.18702,11.40010,11.82422,11.82422,8369299
2007-08-02,11.83444,12.20746,11.82422,12.14614,12.14614,6594500
2007-08-03,12.17680,12.36076,12.02862,12.03884,12.03884,3654800
2007-08-06,12.13592,12.32499,12.02350,12.21257,12.21257,4316100
2007-08-07,12.14614,12.48339,12.14614,12.45784,12.45784,6782700
2007-08-08,12.50894,13.35718,12.42718,13.35718,13.35718,8022700
2007-08-09,13.20388,13.26520,12.74910,13.00971,13.00971,7360200
2007-08-10,12.94328,13.16812,12.29944,12.55493,12.55493,5857300
2007-08-13,12.61625,12.77466,12.21257,12.45784,12.45784,2882200
2007-08-14,12.51916,12.74400,12.33521,12.38120,12.38120,2771600
2007-08-15,12.36587,12.51916,12.09504,12.13081,12.13081,2703200
2007-08-16,12.06949,12.12059,11.20082,11.47675,11.47675,4288300
2007-08-17,11.44098,11.95197,11.43076,11.83955,11.83955,5524800
2007-08-20,11.81911,12.28411,11.51763,12.07971,12.07971,3644100
2007-08-21,12.07460,12.20746,11.98263,12.11037,12.11037,2274200
2007-08-22,12.05928,12.39142,12.01329,12.36587,12.36587,3168900
2007-08-23,12.35565,12.49361,11.83955,11.89576,11.89576,2978500
2007-08-24,11.82422,11.86510,11.61472,11.67092,11.67092,3904200
2007-08-27,12.11548,12.63669,12.04906,12.54471,12.54471,5909900
2007-08-28,12.41696,12.56515,12.17169,12.21768,12.21768,4438600
2007-08-29,12.26878,12.75422,12.07460,12.65713,12.65713,2965800
2007-08-30,12.61114,12.71334,12.44762,12.64180,12.64180,2237400
2007-08-31,12.75422,12.91262,12.67757,12.83597,12.83597,2183600
2007-09-04,12.90240,13.08125,12.85641,12.99438,12.99438,2522500
2007-09-05,12.95350,13.03015,12.78998,12.90240,12.90240,2504300
2007-09-06,12.97394,13.08125,12.80531,12.91773,12.91773,2221300
2007-09-07,12.93306,13.05059,12.70823,12.98416,12.98416,2403900
2007-09-10,13.01482,13.32141,12.98416,13.22432,13.22432,2776300
2007-09-11,13.28564,13.41850,13.05059,13.38273,13.38273,2586700
2007-09-12,13.35207,13.59734,13.27031,13.55646,13.55646,3355000
2007-09-13,13.69443,13.69443,13.50026,13.62289,13.62289,3187700
2007-09-14,13.59223,13.59223,13.33674,13.44405,13.44405,6244700
2007-09-17,13.39806,13.42361,13.17833,13.18855,13.18855,3407700
2007-09-18,13.29075,13.38273,13.11191,13.18344,13.18344,6252000
2007-09-19,13.23454,13.69443,13.21921,13.61778,13.61778,6282700
2007-09-20,13.54624,13.61778,13.20899,13.32141,13.32141,2628200
2007-09-21,13.28053,14.42514,13.28053,14.11855,14.11855,8339100
2007-09-24,14.12877,14.13388,13.82218,13.93970,13.93970,3734500
2007-09-25,13.86306,14.06234,13.71998,13.99591,13.99591,7805600
2007-09-26,14.04701,14.42003,14.03168,14.31272,14.31272,4549600
2007-09-27,14.53756,14.89525,14.49668,14.82371,14.82371,5495000
2007-09-28,14.91058,14.98723,14.60910,14.74195,14.74195,4269900
2007-10-01,14.77772,14.85948,14.62954,14.79816,14.79816,3020000
2007-10-02,14.81860,14.82882,14.55289,14.76750,14.76750,2149300
2007-10-03,14.74195,14.87481,14.58355,14.69596,14.69596,2248000
2007-10-04,14.66019,14.94124,14.61420,14.89014,14.89014,2831900
2007-10-05,14.83393,15.23250,14.77261,14.94124,14.94124,4137000
2007-10-08,14.86459,14.99234,14.71640,14.78794,14.78794,1880200
2007-10-09,14.77261,14.90547,14.75217,14.80838,14.80838,2593800
2007-10-10,14.70107,14.92080,14.70107,14.81860,14.81860,3235300
2007-10-11,14.82371,14.82882,14.44558,14.53245,14.53245,3886900
2007-10-12,14.61932,14.72662,14.50690,14.70107,14.70107,2243100
2007-10-15,14.55289,14.62954,14.05723,14.29739,14.29739,4436900
2007-10-16,14.32805,14.40470,14.15943,14.28717,14.28717,2532700
2007-10-17,14.31272,14.48646,14.19520,14.47113,14.47113,3462300
2007-10-18,14.46091,14.48646,14.20542,14.30761,14.30761,4179700
2007-10-19,14.34338,14.34338,13.91415,13.99591,13.99591,2708600
2007-10-22,13.97036,14.35360,13.87839,14.33316,14.33316,2153200
2007-10-23,14.19009,14.43536,13.84773,14.43025,14.43025,2754600
2007-10-24,14.33827,14.43025,14.19009,14.41492,14.41492,2425500
2007-10-25,14.54778,14.81860,14.43025,14.61420,14.61420,3518000
2007-10-26,14.81860,14.81860,14.49668,14.55800,14.55800,13681700
2007-10-29,14.59377,14.59888,14.38426,14.45069,14.45069,2889500
2007-10-30,14.36893,14.39959,14.22586,14.32294,14.32294,3240000
2007-10-31,14.39959,14.56822,14.25652,14.56822,14.56822,2864400
2007-11-01,14.53245,14.69085,14.14921,14.19520,14.19520,2825300
2007-11-02,14.34849,14.39448,14.06234,14.33316,14.33316,3595000
2007-11-05,14.22075,14.23097,13.73531,13.86817,13.86817,10490300
2007-11-06,27.22999,27.71000,26.93000,27.47000,14.03679,3998900
2007-11-07,27.18001,27.39000,26.77000,26.96000,13.77619,4138500
2007-11-08,26.83000,26.84000,24.88001,26.00000,13.28564,15421000
2007-11-09,25.51000,26.00000,25.10999,25.37000,12.96372,5863800
2007-11-12,25.39000,25.70001,23.44001,23.48001,11.99796,5322600
2007-11-13,23.58999,23.92000,23.14000,23.85000,12.18702,4823400
2007-11-14,23.89000,24.32999,23.16000,23.24000,11.87532,3522400
2007-11-15,23.07000,23.64999,23.06000,23.32000,11.91620,3862100
2007-11-16,23.48001,23.51001,22.89999,23.25000,11.88043,3974700
2007-11-19,23.11000,23.22000,22.55000,22.82999,11.66581,4064900
2007-11-20,23.10000,24.07001,22.82001,23.72000,12.12059,6512100
2007-11-21,23.72000,23.80000,22.97000,23.36000,11.93664,3482900
2007-11-23,23.55999,23.55999,23.18000,23.23000,11.87021,1199400
2007-11-26,23.09000,23.56999,22.56000,22.61000,11.55340,3556300
2007-11-27,22.86999,23.28000,22.60000,22.87999,11.69136,3606000
2007-11-28,23.25000,23.98000,23.02000,23.87000,12.19724,5748500
2007-11-29,23.68999,24.27001,23.67999,24.16001,12.34543,5475700
2007-11-30,24.27001,24.80000,24.19001,24.46000,12.49872,4018700
2007-12-03,25.19000,26.37001,25.19000,26.12000,13.34696,4982900
2007-12-04,26.38001,26.38001,25.60001,26.20000,13.38784,5383900
2007-12-05,26.20000,26.28001,25.69001,25.91000,13.23965,3077600
2007-12-06,25.92000,27.57000,25.80999,27.50000,14.05212,3486600
2007-12-07,27.59000,27.64000,26.88000,27.23999,13.91926,4687000
2007-12-10,27.37000,27.71000,26.70000,26.96000,13.77619,6799000
2007-12-11,27.15001,27.50000,26.56999,26.72000,13.65355,4415200
2007-12-12,27.20001,27.43000,26.82000,27.42000,14.01124,3292800
2007-12-13,28.35000,28.35000,25.88000,26.69000,13.63822,8538800
2007-12-14,26.39001,26.98001,26.12000,26.60999,13.59734,3372700
2007-12-17,26.44001,26.73000,25.21000,25.26000,12.90751,4647100
2007-12-18,25.58001,25.86999,25.21000,25.58001,13.07103,3784600
2007-12-19,25.49000,25.63001,24.91001,25.17999,12.86663,2210600
2007-12-20,25.40000,25.54000,24.95001,25.48000,13.01993,2191300
2007-12-21,25.70999,25.78999,25.07999,25.78999,13.17833,3327900
2007-12-24,25.89000,25.89000,24.60000,25.68001,13.12213,717200
2007-12-26,25.93000,25.94000,25.43000,25.70999,13.13745,1011400
2007-12-27,25.58001,25.76999,25.03001,25.09999,12.82575,1490600
2007-12-28,25.00001,25.27000,24.74000,25.05999,12.80531,1687900
2007-12-31,24.88001,25.22000,24.77000,25.14000,12.84619,3516700
2008-01-02,24.98001,25.51000,24.58000,24.79000,12.66735,4189899
2008-01-03,24.51000,25.24000,24.50000,25.19000,12.87174,2918900
2008-01-04,25.11999,25.32000,24.24001,24.43999,12.48850,4118300
2008-01-07,24.46000,24.75000,24.15001,24.46000,12.49872,3209900
2008-01-08,24.56000,24.61000,24.11000,24.19001,12.36076,3459600
2008-01-09,24.14001,24.69000,23.54001,24.04000,12.28411,4612100
2008-01-10,24.14001,24.18001,23.56999,24.00000,12.26367,2377600
2008-01-11,23.99000,24.28001,23.77000,24.02000,12.27389,2084600
2008-01-14,24.08001,24.74000,24.02000,24.70000,12.62136,2435700
2008-01-15,24.36999,24.87001,24.24001,24.29001,12.41186,3331600
2008-01-16,24.59000,25.47000,24.33999,25.01001,12.77977,5477100
2008-01-17,25.04001,25.39000,24.50000,24.52000,12.52938,3993300
2008-01-18,25.44000,25.44000,23.14000,23.36000,11.93664,5200500
2008-01-22,22.80001,23.24000,22.24999,22.91999,11.71180,5275700
2008-01-23,23.06000,23.47001,22.36000,23.29000,11.90087,5267100
2008-01-24,23.35000,24.06000,22.84999,23.98000,12.25345,3999700
2008-01-25,24.25001,24.64000,23.73000,23.80000,12.16147,3605600
2008-01-28,24.04000,24.69000,23.90000,24.35999,12.44762,3325500
2008-01-29,24.53000,24.90001,23.88000,23.96000,12.24323,2998300
2008-01-30,23.91000,23.91000,23.36000,23.38001,11.94686,3800100
2008-01-31,23.21000,23.32000,23.00000,23.22000,11.86510,5093900
2008-02-01,23.38001,24.26001,23.10000,23.36000,11.93664,5789000
2008-02-04,23.40001,23.50001,23.28000,23.36000,11.93664,4924000
2008-02-05,22.88999,22.92999,21.98001,22.09001,11.28769,10219100
2008-02-06,22.29000,22.40000,21.33001,22.24999,11.36944,10877800
2008-02-07,22.18999,22.71001,21.84000,22.53000,11.51252,5131100
2008-02-08,22.24999,22.82001,21.85000,22.08001,11.28258,6580200
2008-02-11,22.08001,22.15999,21.37001,21.73000,11.10373,4974700
2008-02-12,21.84000,22.16999,21.49999,21.82000,11.14972,5329900
2008-02-13,21.98001,22.84999,21.86000,22.80001,11.65049,3461000
2008-02-14,22.80001,22.90999,22.45000,22.59000,11.54318,3096800
2008-02-15,22.43000,22.86999,21.94001,22.75001,11.62494,7525600
2008-02-19,23.17000,23.57999,22.70001,22.79001,11.64538,6013300
2008-02-20,22.75001,22.75001,22.24999,22.62000,11.55851,3961800
2008-02-21,22.67001,22.68001,21.80000,21.87000,11.17527,3445500
2008-02-22,22.30000,22.97000,22.07001,22.95999,11.73224,4093500
2008-02-25,23.00999,23.49001,22.89999,23.34001,11.92642,3240000
2008-02-26,23.14000,23.65999,23.14000,23.28000,11.89576,2419200
2008-02-27,23.14000,23.60999,23.14000,23.54999,12.03372,2971300
2008-02-28,23.27000,23.79000,23.19000,23.29000,11.90087,2763300
2008-02-29,22.92999,22.92999,22.28000,22.57000,11.53296,4529500
2008-03-03,22.57000,23.03000,22.57000,23.00000,11.75268,2940200
2008-03-04,22.69001,22.80001,21.82000,22.16999,11.32856,3585000
2008-03-05,22.31000,22.87999,22.12999,22.15999,11.32345,4967100
2008-03-06,22.25999,22.48000,21.33001,21.37999,10.92488,4707000
2008-03-07,21.26001,21.45999,20.67999,20.80000,10.62851,12494500
2008-03-10,20.90000,20.92000,19.98999,19.98999,10.21461,8227600
2008-03-11,20.07000,21.05000,19.57000,21.05000,10.75626,5774300
2008-03-12,21.87000,21.92001,21.01000,21.04000,10.75115,4655500
2008-03-13,20.68999,21.36001,20.29000,21.19000,10.82780,3550800
2008-03-14,20.85000,21.49999,20.20000,20.65999,10.55697,3283700
2008-03-17,20.25000,20.48001,19.80001,20.22000,10.33214,4097000
2008-03-18,20.51001,20.63999,19.98999,20.63999,10.54675,3714000
2008-03-19,21.26001,21.26001,20.49001,20.49001,10.47011,3007500
2008-03-20,21.08000,21.09000,20.37000,20.66999,10.56208,3163900
2008-03-24,20.69999,21.45999,20.60001,21.39999,10.93510,2670700
2008-03-25,21.37001,21.87000,21.23001,21.85000,11.16505,3392100
2008-03-26,21.71000,21.92001,21.11000,21.32001,10.89423,3554300
2008-03-27,20.97000,21.50999,20.77999,20.95000,10.70516,2461500
2008-03-28,21.20000,21.31001,19.95999,20.13000,10.28615,5612300
2008-03-31,21.01000,21.23001,20.54001,21.22001,10.84313,3906000
2008-04-01,21.35001,21.97001,21.30001,21.76000,11.11906,4081300
2008-04-02,21.85000,21.85000,21.35001,21.54000,11.00664,3794600
2008-04-03,21.89000,21.89000,21.14000,21.40999,10.94021,2234300
2008-04-04,21.52999,21.84000,21.32001,21.72000,11.09862,2027100
2008-04-07,21.30001,22.60000,21.30001,22.30000,11.39499,5696200
2008-04-08,22.14999,22.34000,21.85000,22.00001,11.24170,4076000
2008-04-09,22.00001,22.10001,21.78000,22.00001,11.24170,3502100
2008-04-10,22.54000,22.54000,21.76000,22.19999,11.34389,4287800
2008-04-11,22.49000,22.49000,21.55000,21.68000,11.07818,5259600
2008-04-14,21.52999,21.93001,21.49999,21.56000,11.01686,2440200
2008-04-15,21.65000,21.65000,21.30001,21.52999,11.00153,2052300
2008-04-16,21.59000,21.85000,21.56000,21.70000,11.08840,2741200
2008-04-17,21.74000,22.19999,21.74000,21.90001,11.19060,2191600
2008-04-18,22.31000,23.13000,22.16999,22.77001,11.63516,5963800
2008-04-21,22.63000,22.74001,22.38000,22.61000,11.55340,3145500
2008-04-22,22.66001,22.66001,22.09001,22.22999,11.35922,3371300
2008-04-23,22.39000,22.44000,22.04001,22.30000,11.39499,2908300
2008-04-24,22.36000,23.00999,22.00001,22.75001,11.62494,5827800
2008-04-25,22.70001,22.82999,22.00001,22.21999,11.35411,3036500
2008-04-28,22.88999,22.99000,22.14999,22.24000,11.36433,4621100
2008-04-29,22.12001,23.16000,22.05001,22.95999,11.73224,6983800
2008-04-30,22.98000,23.47001,22.97000,23.16000,11.83444,4140000
2008-05-01,22.99000,24.38999,22.99000,24.35999,12.44762,6703500
2008-05-02,24.43999,24.51000,23.74000,24.34999,12.44251,4691900
2008-05-05,24.31999,24.31999,23.14000,23.47001,11.99285,6043600
2008-05-06,23.41001,23.94000,23.41001,23.88000,12.20235,4233600
2008-05-07,23.90000,24.01000,23.31000,23.41001,11.96219,2882300
2008-05-08,23.79000,25.95000,23.79000,25.74999,13.15789,10107500
2008-05-09,25.22000,26.60999,25.10999,26.52999,13.55646,5605200
2008-05-12,26.52999,26.52999,25.26000,25.70001,13.13235,5863600
2008-05-13,25.73999,26.16000,25.53000,26.07000,13.32141,3472300
2008-05-14,26.14000,26.39001,25.84999,25.94000,13.25498,3507100
2008-05-15,25.85999,26.69000,25.59001,26.49999,13.54113,2799100
2008-05-16,26.64000,26.64000,25.69001,26.01000,13.29075,3634700
2008-05-19,25.83999,26.17000,25.65001,25.80999,13.18855,2431800
2008-05-20,25.65001,26.11000,25.32000,25.50001,13.03015,1895000
2008-05-21,25.55001,26.09000,24.50000,25.70001,13.13235,7501400
2008-05-22,25.70999,26.03000,25.35000,26.01000,13.29075,3315500
2008-05-23,25.63001,25.79999,25.10999,25.41000,12.98416,2129800
2008-05-27,25.53000,25.88000,25.17999,25.85999,13.21410,2633500
2008-05-28,25.84999,26.24001,25.56001,25.78999,13.17833,5109300
2008-05-29,25.72999,25.79999,25.15000,25.50001,13.03015,3840200
2008-05-30,25.43000,26.27000,25.10999,26.19000,13.38273,4814600
2008-06-02,26.23000,26.40001,25.48000,25.96000,13.26520,5253000
2008-06-03,26.10000,26.29001,25.73999,25.95000,13.26009,3738300
2008-06-04,25.80999,26.83000,25.70001,26.43001,13.50537,7015100
2008-06-05,26.30001,26.54999,26.07000,26.38001,13.47982,5578200
2008-06-06,26.12000,26.38001,25.65001,25.65001,13.10680,4995400
2008-06-09,25.74999,25.88000,25.23000,25.78999,13.17833,4792500
2008-06-10,25.43000,25.70001,24.81001,24.94001,12.74400,5571800
2008-06-11,25.00001,25.14000,24.60000,24.63000,12.58559,4945100
2008-06-12,24.79000,25.56001,24.65000,24.98001,12.76444,7125800
2008-06-13,25.01001,25.56001,24.80000,25.33000,12.94328,8144300
2008-06-16,25.15000,25.79999,25.07999,25.75999,13.16300,2997500
2008-06-17,25.70001,26.29001,25.62001,26.20000,13.38784,5835200
2008-06-18,26.16000,26.16000,25.28000,25.46000,13.00971,3844900
2008-06-19,25.47000,25.71999,24.87001,25.34000,12.94839,3183600
2008-06-20,25.04001,25.24000,24.34999,24.48000,12.50894,6503100
2008-06-23,24.45000,24.84001,23.62999,23.67999,12.10015,6021700
2008-06-24,23.60999,23.69999,22.75001,23.42001,11.96730,6506200
2008-06-25,23.58999,24.21001,23.26000,23.90000,12.21257,3418500
2008-06-26,23.36000,23.52001,22.65001,22.71001,11.60450,5631700
2008-06-27,22.78001,23.08000,22.36000,22.37000,11.43076,9101600
2008-06-30,22.31000,22.52000,21.90001,21.96001,11.22126,5933600
2008-07-01,21.96001,22.01001,21.16001,21.37001,10.91978,9299500
2008-07-02,21.68000,21.91001,20.97000,20.97000,10.71538,6345200
2008-07-03,21.03000,21.33001,20.71999,20.91000,10.68472,3160400
2008-07-07,20.95000,21.13000,20.15000,20.39000,10.41901,5760600
2008-07-08,20.43000,20.73999,20.27000,20.52001,10.48544,5162200
2008-07-09,20.43000,20.69999,20.19000,20.53001,10.49055,10122800
2008-07-10,20.62999,20.81000,20.34000,20.72999,10.59274,5528900
2008-07-11,20.60001,20.92000,20.31000,20.63999,10.54675,5391700
2008-07-14,20.67999,21.33001,20.63999,21.16001,10.81247,6119500
2008-07-15,20.82000,21.45999,20.69999,21.18001,10.82269,7079600
2008-07-16,21.47999,21.68000,20.98000,21.44999,10.96065,6460800
2008-07-17,21.56000,21.74000,20.97000,21.22001,10.84313,5869400
2008-07-18,21.31001,21.62000,21.15000,21.28001,10.87379,3703400
2008-07-21,21.40999,21.40999,21.10000,21.23001,10.84824,3086400
2008-07-22,21.40999,21.77000,21.00000,21.28001,10.87379,4147700
2008-07-23,21.26001,21.96001,21.02000,21.71000,11.09351,2711800
2008-07-24,20.92000,21.41999,20.83000,20.93000,10.69494,4088400
2008-07-25,21.16001,21.32001,20.98000,21.15000,10.80736,2117100
2008-07-28,20.99000,21.19000,20.29000,20.41000,10.42923,3221800
2008-07-29,20.49001,21.24001,20.49001,21.07000,10.76648,3129000
2008-07-30,21.41999,21.46999,19.89001,20.24000,10.34236,7273800
2008-07-31,19.93001,20.45000,19.39000,19.88001,10.15841,7418000
2008-08-01,20.13000,20.51001,18.96000,19.05001,9.73429,10595200
2008-08-04,19.00001,19.11001,17.76001,18.49999,9.45324,15380300
2008-08-05,18.49999,18.86000,18.34001,18.77000,9.59121,10259000
2008-08-06,18.83000,19.10001,18.39001,18.79000,9.60143,6666700
2008-08-07,18.61999,19.01001,18.02000,18.09000,9.24374,13371400
2008-08-08,18.21000,18.43001,18.05000,18.38001,9.39193,14418000
2008-08-11,18.51999,19.61000,18.51999,19.52000,9.97445,11126900
2008-08-12,19.61000,19.61000,19.08001,19.43000,9.92846,8765800
2008-08-13,19.24999,19.96999,19.24999,19.74001,10.08687,6766700
2008-08-14,19.61000,20.44000,19.61000,20.32000,10.38324,7171800
2008-08-15,20.38000,20.63999,19.99999,20.54001,10.49566,5762400
2008-08-18,20.29000,20.53001,19.55000,19.66000,10.04599,5854400
2008-08-19,19.75001,19.92001,19.38000,19.74001,10.08687,7014300
2008-08-20,19.65000,19.92001,19.41000,19.74001,10.08687,4160399
2008-08-21,19.54000,19.63000,19.13001,19.51000,9.96934,4085000
2008-08-22,19.58000,20.13000,19.51000,20.09999,10.27082,3663300
2008-08-25,19.88001,20.04999,19.28999,19.40000,9.91313,4016000
2008-08-26,19.41000,19.68000,19.27999,19.50000,9.96423,6419900
2008-08-27,19.25999,19.70000,19.21999,19.47000,9.94890,4129500
2008-08-28,19.63000,20.38000,19.55000,20.30000,10.37302,5168800
2008-08-29,20.34000,20.39000,19.87001,20.23000,10.33725,3044100
2008-09-02,20.57001,21.11000,19.86001,19.92001,10.17885,4992700
2008-09-03,19.90001,20.37000,19.75001,20.16000,10.30148,5521700
2008-09-04,19.96999,20.30000,19.43000,19.43000,9.92846,4536300
2008-09-05,19.42000,19.71000,19.09001,19.52000,9.97445,4058800
2008-09-08,19.38000,20.74999,18.90000,19.70000,10.06643,4396400
2008-09-09,19.63000,19.73001,19.09001,19.10001,9.75984,4141000
2008-09-10,19.37000,19.37000,18.32001,18.66000,9.53500,10622600
2008-09-11,18.35001,19.05001,18.32001,19.00001,9.70874,5635000
2008-09-12,18.90000,19.52000,18.45999,19.44000,9.93357,6096300
2008-09-15,18.79000,19.53000,18.59999,18.65000,9.52989,5986100
2008-09-16,18.57999,19.68000,18.32001,19.38000,9.90291,10090300
2008-09-17,18.91000,19.02001,18.29000,18.30001,9.35105,7407000
2008-09-18,18.28000,21.05000,13.81000,13.81000,7.05672,11177000
2008-09-19,17.29000,17.29000,17.29000,17.29000,8.83495,5476300
2008-09-22,16.50000,17.09999,15.86000,16.76000,8.56413,4948900
2008-09-23,17.33000,17.33000,16.26001,16.74000,8.55391,4252800
2008-09-24,17.06999,17.24000,16.26001,16.60000,8.48237,1641100
2008-09-25,16.57000,16.75000,15.52001,16.25001,8.30353,4083100
2008-09-26,15.69999,16.36999,15.66999,16.20001,8.27798,3082500
2008-09-29,15.74000,15.86000,13.59000,14.59000,7.45529,5207800
2008-09-30,14.70001,14.91999,13.96001,14.24999,7.28155,6460600
2008-10-01,14.14001,14.69001,13.69000,14.53000,7.42463,3241200
2008-10-02,14.24999,14.52000,13.82000,14.00001,7.15381,3665100
2008-10-03,14.15999,14.15999,12.83999,13.08000,6.68370,5277600
2008-10-06,12.61001,12.88000,11.64000,12.71999,6.49974,4498800
2008-10-07,13.00000,13.39001,11.81001,12.04999,6.15738,5050200
2008-10-08,11.60000,12.07999,11.11001,11.69000,5.97343,6828600
2008-10-09,11.10001,12.48000,10.79000,11.53000,5.89167,6346200
2008-10-10,11.09001,12.43000,10.60999,11.12001,5.68217,5802500
2008-10-13,11.55000,13.10000,11.01000,13.05000,6.66837,3433400
2008-10-14,12.77999,13.83000,12.77999,13.70000,7.00051,6367100
2008-10-15,13.14000,14.22999,12.25000,12.29000,6.28002,2966200
2008-10-16,12.09999,13.82000,10.23000,12.51001,6.39244,4324200
2008-10-17,12.01999,13.21001,11.00000,12.87000,6.57639,2914000
2008-10-20,12.91000,13.61000,12.61001,13.61000,6.95452,2129400
2008-10-21,13.41999,13.79000,12.88000,13.30001,6.79612,2658000
2008-10-22,13.26001,13.33001,12.29000,12.61001,6.44354,2897700
2008-10-23,12.61001,12.83999,11.35999,12.02999,6.14716,3130600
2008-10-24,11.21001,11.48000,10.02000,10.27000,5.24783,4686200
2008-10-27,10.53999,10.76000,10.33001,10.41001,5.31937,4553700
2008-10-28,10.42001,11.25999,10.19000,11.25999,5.75370,2408700
2008-10-29,11.00000,12.72999,10.64999,12.35000,6.31068,6681800
2008-10-30,12.69999,13.13000,12.32000,13.13000,6.70925,3307300
2008-10-31,13.00000,14.36000,13.00000,13.64000,6.96985,6126800
2008-11-03,13.20000,13.87000,13.10000,13.50999,6.90342,4050800
2008-11-04,13.84000,14.63000,13.33001,14.05001,7.17936,6177300
2008-11-05,13.93001,14.23999,13.53999,13.73000,7.01584,4583300
2008-11-06,13.72000,13.72000,12.08999,12.08999,6.17782,3205200
2008-11-07,12.52001,14.70001,12.52001,14.09001,7.19980,10184400
2008-11-10,14.67001,14.99999,13.88000,14.07001,7.18958,3505800
2008-11-11,13.88000,13.92000,12.61001,13.61000,6.95452,3398500
2008-11-12,13.28001,13.52999,11.65000,12.01999,6.14205,10120200
2008-11-13,12.32000,13.53999,11.81001,13.53999,6.91875,5972200
2008-11-14,13.44999,14.54000,13.17000,13.92000,7.11293,4856900
2008-11-17,14.39000,14.39000,13.36001,13.40999,6.85232,5391900
2008-11-18,13.48999,13.63000,12.01999,12.49000,6.38222,5078800
2008-11-19,12.75999,13.25001,12.28000,12.35000,6.31068,5050600
2008-11-20,12.04999,12.86000,11.65000,11.91001,6.08585,6816400
2008-11-21,12.13000,12.87000,11.29999,12.85000,6.56617,6704700
2008-11-24,13.72000,13.72000,12.56001,13.63000,6.96474,3938300
2008-11-25,13.89000,13.89000,12.67001,13.26001,6.77568,4300700
2008-11-26,13.06000,14.29999,13.02000,14.14999,7.23045,2200600
2008-11-28,13.96001,15.29000,13.71000,14.99999,7.66479,1602600
2008-12-01,14.27999,14.47000,13.24001,13.24001,6.76546,2944700
2008-12-02,13.18000,14.02001,13.02000,13.70000,7.00051,3695000
2008-12-03,13.35001,14.00001,13.20000,13.86000,7.08227,3282500
2008-12-04,13.50999,13.97001,12.44000,12.81999,6.55084,4670200
2008-12-05,12.90000,13.81000,12.45000,13.79000,7.04650,4676100
2008-12-08,14.24999,15.15000,14.12001,14.95999,7.64435,6369400
2008-12-09,15.25000,15.25000,13.58000,14.02001,7.16403,8903000
2008-12-10,13.99001,14.60000,13.45999,13.75000,7.02606,8295900
2008-12-11,13.57000,13.77000,12.88000,12.96000,6.62238,7323300
2008-12-12,12.74999,13.52999,12.74999,13.07000,6.67859,5269400
2008-12-15,13.28001,13.45999,12.68999,12.95000,6.61727,3721200
2008-12-16,13.08000,13.44999,12.78999,13.14000,6.71436,5754900
2008-12-17,13.04000,13.57000,12.80999,13.45999,6.87787,10228300
2008-12-18,13.75000,14.05001,13.38001,13.90000,7.10271,9071900
2008-12-19,14.09001,14.53000,13.12000,14.06001,7.18447,10872900
2008-12-22,14.14001,14.46000,13.37001,13.66000,6.98007,2650200
2008-12-23,13.37001,13.91000,13.28001,13.62000,6.95963,1587700
2008-12-24,13.69000,13.85000,13.58000,13.69000,6.99540,574600
2008-12-26,13.85000,13.85000,13.46999,13.69000,6.99540,1118200
2008-12-29,13.81000,13.90000,13.30001,13.55999,6.92897,1892000
2008-12-30,13.50999,13.85000,13.50999,13.83000,7.06694,2158000
2008-12-31,13.75000,14.22999,13.61000,14.15999,7.23556,3263300
2009-01-02,14.13001,14.78001,14.07001,14.65000,7.48595,2796600
2009-01-05,14.54000,15.10000,14.36000,14.80001,7.56260,3985200
2009-01-06,14.88999,15.11000,14.58000,14.98999,7.65968,3476600
2009-01-07,14.42000,14.96999,14.29999,14.56000,7.43996,2390300
2009-01-08,14.26999,15.11000,14.02001,15.08000,7.70567,3765500
2009-01-09,14.94999,15.19000,14.51000,14.76001,7.54216,2763700
2009-01-12,14.67001,14.89999,14.46000,14.59000,7.45529,3226900
2009-01-13,14.71001,15.25000,14.71001,14.99999,7.66479,4343400
2009-01-14,14.77001,14.99999,14.35000,14.75001,7.53705,3394800
2009-01-15,14.54000,15.05000,14.04001,14.72001,7.52172,3219900
2009-01-16,14.99999,15.39001,14.20999,14.76001,7.54216,4213000
2009-01-20,14.70001,14.70001,13.64000,13.67000,6.98518,3508100
2009-01-21,14.00001,14.59000,14.00001,14.39000,7.35309,3696000
2009-01-22,14.25999,14.92999,14.19999,14.61000,7.46551,3519900
2009-01-23,14.36000,14.87999,14.36000,14.70001,7.51150,3160600
2009-01-26,14.85999,14.90999,14.27999,14.57000,7.44507,4085200
2009-01-27,14.75001,14.98999,14.44000,14.86999,7.59836,1813200
2009-01-28,14.78001,15.12000,14.78001,14.95999,7.64435,3056600
2009-01-29,14.85999,14.88999,14.33000,14.40000,7.35820,1788500
2009-01-30,14.85999,15.05000,14.17999,14.50000,7.40930,2942000
2009-02-02,14.22999,14.71001,13.96001,14.55000,7.43485,2136800
2009-02-03,14.59000,14.75001,14.15999,14.64000,7.48084,2165200
2009-02-04,14.70001,14.88999,13.69000,13.75000,7.02606,6455600
2009-02-05,13.58000,13.74000,13.28001,13.52999,6.91364,5552600
2009-02-06,13.58000,14.11001,13.47999,13.94000,7.12315,3454700
2009-02-09,13.84000,14.13001,13.70000,14.05001,7.17936,3407900
2009-02-10,13.87000,14.05001,13.52999,13.66000,6.98007,2604600
2009-02-11,13.70000,14.04001,13.64000,13.80000,7.05161,2351500
2009-02-12,13.62000,14.14999,13.55999,13.94000,7.12315,3440400
2009-02-13,14.01001,14.14001,13.93001,13.98001,7.14359,1929800
2009-02-17,13.54999,13.87000,13.21001,13.48999,6.89320,3028700
2009-02-18,13.55999,13.70000,13.03000,13.07000,6.67859,2240200
2009-02-19,13.28001,13.39001,13.06000,13.12000,6.70414,3507500
2009-02-20,12.98000,13.01000,12.46000,12.68001,6.47931,2605700
2009-02-23,12.68999,13.07000,12.65001,12.70999,6.49463,3780700
2009-02-24,12.56001,13.45999,12.56001,13.26001,6.77568,6200600
2009-02-25,14.73001,15.32000,14.35000,14.92999,7.62902,12246100
2009-02-26,15.22000,15.50001,14.75001,14.76001,7.54216,4623600
2009-02-27,14.70001,15.58999,14.70001,15.51001,7.92540,6210700
2009-03-02,15.31000,15.80000,15.12000,15.26000,7.79765,4942800
2009-03-03,15.46001,15.78000,15.35000,15.65999,8.00204,5311500
2009-03-04,15.84000,15.92000,15.21000,15.45001,7.89474,4722000
2009-03-05,15.26000,15.64999,15.07000,15.21000,7.77210,4756900
2009-03-06,15.35000,15.50001,14.67001,15.12000,7.72611,7874800
2009-03-09,15.04000,15.29000,14.41000,14.49000,7.40419,3668400
2009-03-10,14.81001,15.37000,14.76001,15.34000,7.83853,3593400
2009-03-11,15.43001,15.69999,15.19000,15.45001,7.89474,2763700
2009-03-12,15.48001,16.77000,15.29000,16.55000,8.45682,5420500
2009-03-13,16.63000,16.99001,16.29999,16.92001,8.64589,4655100
2009-03-16,17.06999,17.11999,16.60000,16.66000,8.51303,2197500
2009-03-17,16.63000,16.80000,16.36999,16.77000,8.56924,2424300
2009-03-18,17.01001,17.29000,16.65000,17.15999,8.76852,3100300
2009-03-19,17.11999,17.11999,16.17001,16.27001,8.31375,3882500
2009-03-20,16.41999,16.57000,15.82000,15.87000,8.10935,2474800
2009-03-23,16.00000,16.71000,15.87000,16.60000,8.48237,5454600
2009-03-24,16.33999,16.62000,16.08000,16.20001,8.27798,2654900
2009-03-25,16.13001,16.25001,15.71999,16.24001,8.29842,3766100
2009-03-26,16.33999,16.66000,16.19001,16.52000,8.44149,3288200
2009-03-27,16.26001,16.37999,15.67999,16.12000,8.23710,2787000
2009-03-30,15.90000,16.03000,15.33000,15.99000,8.17067,3286000
2009-03-31,16.04000,16.36999,15.84000,16.02000,8.18600,3024200
2009-04-01,16.05000,17.14999,16.00000,17.05999,8.71742,5979600
2009-04-02,17.40000,18.06000,17.37000,17.80999,9.10066,4924400
2009-04-03,17.96000,18.06000,17.44000,18.03000,9.21308,5530100
2009-04-06,17.65001,17.86999,17.41000,17.83999,9.11599,3063700
2009-04-07,17.06999,17.16999,16.62000,16.76000,8.56413,5633400
2009-04-08,16.83001,17.40000,16.65000,17.18999,8.78385,3331200
2009-04-09,17.94000,18.03000,17.76001,17.95000,9.17220,4699100
2009-04-13,17.87999,17.95000,17.48000,17.66001,9.02402,3209900
2009-04-14,17.60001,17.71001,16.96001,16.96001,8.66633,3731600
2009-04-15,16.92001,17.44000,16.76000,16.94001,8.65611,2833100
2009-04-16,17.16999,17.96000,16.97001,17.78001,9.08534,2284800
2009-04-17,17.74001,18.37001,17.57001,18.25000,9.32550,5012700
2009-04-20,18.31001,18.32001,17.56001,17.67001,9.02913,3334500
2009-04-21,17.50000,18.30001,17.40000,18.30001,9.35105,2928700
2009-04-22,18.15000,18.85000,18.01000,18.48999,9.44813,5174300
2009-04-23,18.54999,18.56999,17.63001,17.81999,9.10577,4379000
2009-04-24,17.99000,18.33001,17.64001,18.22000,9.31017,3530400
2009-04-27,17.79999,18.88000,17.78001,18.36001,9.38171,4805600
2009-04-28,18.38001,18.51999,18.00000,18.23000,9.31528,2487000
2009-04-29,18.75000,19.61000,18.70000,19.26999,9.84670,5970400
2009-04-30,19.75001,19.89001,18.85000,18.99001,9.70363,3238100
2009-05-01,19.04001,19.04001,18.01000,18.60999,9.50945,4819500
2009-05-04,19.21999,20.48001,18.89000,20.21000,10.32703,5620500
2009-05-05,19.96999,21.36001,19.62000,21.25001,10.85846,5930700
2009-05-06,21.00000,21.46999,20.78999,21.00000,10.73071,4461400
2009-05-07,21.08000,21.08000,19.90001,20.08999,10.26571,3953900
2009-05-08,19.98999,20.45000,19.71000,20.27000,10.35769,3288200
2009-05-11,20.01999,20.70999,19.84001,20.25000,10.34747,2949400
2009-05-12,20.68999,20.70999,19.16001,19.56000,9.99489,3006500
2009-05-13,19.49000,19.49000,18.97000,19.17001,9.79561,2202600
2009-05-14,19.06001,19.53000,19.00001,19.29999,9.86203,2088500
2009-05-15,19.27999,19.84001,19.19001,19.28999,9.85692,1740600
2009-05-18,19.25999,20.05999,18.97000,20.05999,10.25038,2458200
2009-05-19,19.88001,20.73999,19.88001,20.58001,10.51610,3904600
2009-05-20,20.89000,22.16999,20.82000,21.82000,11.14972,7582200
2009-05-21,21.49999,21.61000,20.80000,21.41999,10.94532,6011100
2009-05-22,21.86000,21.96001,21.50999,21.83000,11.15483,2321000
2009-05-26,22.09001,22.25999,21.66000,22.25999,11.37455,4298000
2009-05-27,21.63000,22.20999,21.63000,21.87000,11.17527,3798700
2009-05-28,22.07001,22.24999,21.37999,22.02001,11.25192,3007900
2009-05-29,22.31000,22.49000,22.00001,22.45000,11.47164,4210700
2009-06-01,22.57000,23.00000,22.08001,22.40000,11.44609,5081900
2009-06-02,22.66001,22.66001,21.89000,22.43000,11.46142,5069800
2009-06-03,22.81001,22.81001,22.14999,22.50000,11.49719,3565800
2009-06-04,22.74001,22.74001,22.18999,22.28000,11.38477,3956900
2009-06-05,22.61000,23.21000,22.12001,23.02000,11.76290,4290100
2009-06-08,22.99000,23.40001,22.62000,23.25000,11.88043,1591600
2009-06-09,23.38001,23.67999,22.90999,23.54999,12.03372,3570900
2009-06-10,23.81000,24.08001,22.69001,22.99000,11.74757,2745500
2009-06-11,22.77001,22.97000,22.39000,22.67001,11.58406,2102400
2009-06-12,22.45000,22.66001,21.73000,22.12001,11.30302,3180900
2009-06-15,22.00001,22.02001,21.16001,21.72000,11.09862,3133900
2009-06-16,21.91001,21.99001,20.81000,20.99000,10.72560,2269500
2009-06-17,20.69999,21.26001,20.51001,21.14000,10.80225,2489700
2009-06-18,21.29001,21.48999,21.04000,21.17001,10.81758,1806300
2009-06-19,21.25001,21.39999,20.68999,20.90000,10.67961,3438300
2009-06-22,20.62999,20.91000,20.11000,20.30000,10.37302,2860400
2009-06-23,20.21000,20.60001,19.88001,20.08999,10.26571,2420200
2009-06-24,20.12000,21.52999,20.12000,20.60001,10.52632,3469400
2009-06-25,20.66999,21.15000,20.55001,21.03000,10.74604,3862500
2009-06-26,21.11000,21.85000,20.96000,21.74000,11.10884,8879100
2009-06-29,21.86000,22.24000,21.75000,22.18999,11.33878,2502600
2009-06-30,22.64001,22.64001,22.13999,22.51000,11.50230,5665300
2009-07-01,22.60000,23.36000,22.41000,22.99000,11.74757,2902000
2009-07-02,22.89999,23.14000,22.02001,22.08001,11.28258,3423200
2009-07-06,22.03001,22.08001,21.66000,21.94001,11.21104,3634900
2009-07-07,22.03001,22.21999,21.70000,21.82000,11.14972,4564300
2009-07-08,21.95001,22.10001,21.41999,21.85000,11.16505,3331800
2009-07-09,22.11001,22.69001,22.00001,22.44000,11.46653,3705800
2009-07-10,22.49000,22.89999,22.07001,22.45000,11.47164,3661400
2009-07-13,22.40000,22.54000,21.82000,22.38000,11.43587,1974600
2009-07-14,22.24000,23.11000,22.06001,22.91999,11.71180,3230200
2009-07-15,23.05000,23.89000,23.00000,23.56999,12.04394,3466000
2009-07-16,23.61999,23.79000,22.99000,23.60999,12.06438,2304400
2009-07-17,23.47001,23.60999,23.15000,23.35000,11.93153,1486500
2009-07-20,23.10000,24.04000,23.00000,23.98000,12.25345,2606700
2009-07-21,24.00000,24.00000,23.61999,23.91000,12.21768,1579300
2009-07-22,23.90000,24.00000,23.54001,23.87000,12.19724,2426300
2009-07-23,23.86000,24.23001,23.50001,24.02000,12.27389,5398800
2009-07-24,24.11000,24.32999,23.71000,23.99000,12.25856,1241300
2009-07-27,24.07001,24.07001,23.48001,24.06000,12.29433,1528600
2009-07-28,23.89000,24.45000,23.75000,24.39999,12.46806,2598900
2009-07-29,24.38999,24.53000,24.05000,24.10001,12.31477,1881900
2009-07-30,24.50000,24.67000,24.18001,24.37999,12.45784,3491700
2009-07-31,24.40999,24.62000,24.29999,24.50000,12.51916,2751000
2009-08-03,24.50000,25.48000,24.29999,25.39000,12.97394,5539100
2009-08-04,25.47000,25.62001,24.67000,24.98001,12.76444,6515800
2009-08-05,25.20000,25.33000,24.51000,24.93001,12.73889,2841200
2009-08-06,25.17999,25.60001,24.75000,24.88001,12.71334,2777800
2009-08-07,25.00001,25.75999,24.69000,25.70999,13.13745,2786000
2009-08-10,25.73999,25.99000,25.20000,25.46000,13.00971,2002200
2009-08-11,25.60001,25.70001,24.81001,25.01001,12.77977,2618100
2009-08-12,25.12999,25.62001,24.98001,25.12999,12.84108,2226100
2009-08-13,25.10999,25.15000,24.61000,24.78000,12.66224,3929300
2009-08-14,24.89001,25.07999,24.16001,24.77000,12.65713,2661300
2009-08-17,24.36999,24.66000,24.13001,24.28001,12.40675,1844900
2009-08-18,24.29001,24.81001,24.25001,24.63000,12.58559,1476000
2009-08-19,24.29001,25.06999,24.25001,24.93001,12.73889,3073300
2009-08-20,24.67000,25.25000,24.53000,25.14000,12.84619,1884400
2009-08-21,25.05999,25.69001,25.01001,25.62001,13.09147,2599500
2009-08-24,25.62001,26.07000,25.44000,25.84999,13.20899,2294400
2009-08-25,26.08000,27.02001,25.92000,26.70000,13.64333,5293100
2009-08-26,26.67000,26.86000,26.31001,26.84000,13.71487,3392700
2009-08-27,26.77000,26.77000,25.84999,26.38001,13.47982,3363500
2009-08-28,26.69000,26.69000,25.48000,25.86999,13.21921,4710300
2009-08-31,25.90000,26.23000,25.70999,25.92000,13.24476,4409500
2009-09-01,25.74999,26.45999,25.53000,25.54000,13.05059,3607500
2009-09-02,25.69001,25.74999,25.24000,25.55001,13.05570,1797100
2009-09-03,25.76999,25.88000,25.47000,25.70001,13.13235,2163900
2009-09-04,25.83999,26.13000,25.61001,26.10000,13.33674,2816100
2009-09-08,26.48999,26.68000,26.20000,26.65000,13.61778,1900400
2009-09-09,26.77000,27.27999,26.43001,27.17001,13.88350,2970900
2009-09-10,27.28999,28.45001,27.21999,28.42001,14.52223,3965900
2009-09-11,28.47001,28.67999,28.02999,28.34000,14.48135,2053900
2009-09-14,28.34000,28.45001,27.97999,28.35000,14.48646,2174000
2009-09-15,28.49001,28.91000,28.20000,28.86000,14.74706,2245500
2009-09-16,29.19001,29.75000,28.67999,29.43999,15.04343,3163900
2009-09-17,29.22001,29.54000,29.05000,29.25001,14.94635,3519300
2009-09-18,29.19001,29.77000,29.07000,29.60000,15.12519,4846900
2009-09-21,29.58000,29.85000,29.25001,29.38999,15.01788,4374300
2009-09-22,29.60000,29.75000,29.37999,29.55000,15.09964,2101400
2009-09-23,29.49999,29.64000,28.86000,28.86000,14.74706,2329600
2009-09-24,28.86000,28.86000,28.25000,28.43001,14.52734,1896700
2009-09-25,28.28000,28.41001,27.68000,27.70000,14.15432,2721200
2009-09-28,27.74001,28.47001,27.71000,28.33000,14.47624,1801400
2009-09-29,28.20000,28.85000,28.20000,28.38000,14.50179,1939400
2009-09-30,28.66999,29.13000,28.46001,28.89000,14.76239,3264100
2009-10-01,29.16001,29.88000,28.76999,28.91000,14.77261,7432900
2009-10-02,28.89000,29.08000,28.49001,29.02000,14.82882,4356300
2009-10-05,29.37999,29.60000,29.10000,29.43999,15.04343,3044300
2009-10-06,29.48000,30.33000,29.37001,30.08999,15.37557,3157000
2009-10-07,30.17999,30.28000,29.82000,30.22000,15.44200,2640000
2009-10-08,30.53000,31.11000,30.24000,30.91999,15.79969,5070800
2009-10-09,31.00000,31.00000,30.28000,30.55000,15.61063,1999900
2009-10-12,30.64001,30.80999,30.13999,30.25000,15.45733,1028200
2009-10-13,30.18999,30.31000,29.89001,30.05001,15.35514,1750100
2009-10-14,30.32000,30.47000,29.95001,30.38000,15.52376,3455900
2009-10-15,30.38000,30.38000,29.85000,30.01001,15.33470,3098100
2009-10-16,29.92001,30.34000,29.66000,30.10999,15.38579,4543400
2009-10-19,30.17999,31.06000,29.93001,30.86999,15.77414,4001700
2009-10-20,31.15000,31.35001,30.71001,30.80999,15.74348,4025700
2009-10-21,30.57000,30.83999,29.71000,29.74000,15.19673,2916900
2009-10-22,30.40000,30.41000,29.60000,29.77000,15.21206,3389100
2009-10-23,29.76000,29.91001,29.39999,29.74000,15.19673,3304200
2009-10-26,29.73000,30.14999,29.57000,29.72000,15.18651,4149800
2009-10-27,29.85000,29.92001,28.98000,29.05000,14.84415,1296100
2009-10-28,28.39000,28.74999,27.87001,27.97999,14.29739,2844500
2009-10-29,27.87999,28.79000,27.77001,28.70999,14.67041,3319300
2009-10-30,28.68999,28.77999,27.33999,27.50000,14.05212,3355500
2009-11-02,27.33000,28.33000,27.05001,27.27999,13.93970,6384300
2009-11-03,27.24999,28.02999,26.64000,28.00999,14.31272,5676300
2009-11-04,28.51001,29.75000,28.36000,28.47001,14.54778,8431300
2009-11-05,28.47001,29.65000,28.33000,29.64000,15.14563,3793600
2009-11-06,29.39999,30.06999,29.21001,30.06999,15.36535,3396800
2009-11-09,30.08999,30.81999,29.91001,30.79001,15.73327,3217700
2009-11-10,30.57000,30.84999,30.16999,30.41000,15.53909,2200600
2009-11-11,30.70001,30.91999,30.28000,30.34000,15.50332,2237200
2009-11-12,30.37000,30.77001,30.03001,30.11999,15.39090,2222800
2009-11-13,30.11999,30.60000,30.01001,30.56000,15.61574,2990700
2009-11-16,30.59001,31.57999,30.57000,31.56999,16.13183,2192800
2009-11-17,31.49001,31.88000,31.29000,31.88000,16.29024,2288100
2009-11-18,31.76000,31.99001,31.40001,31.46001,16.07563,1989100
2009-11-19,31.34001,31.38001,30.67001,31.12000,15.90189,1663300
2009-11-20,30.79001,31.41001,30.48000,31.16000,15.92233,2316500
2009-11-23,31.88000,32.40000,31.31000,31.64000,16.16760,2125900
2009-11-24,31.82000,31.96000,31.28000,31.95000,16.32601,2214900
2009-11-25,31.91000,31.94000,31.57999,31.85000,16.27491,2166600
2009-11-27,30.97000,31.68999,30.83999,31.56999,16.13183,675900
2009-11-30,31.72000,32.03000,31.42001,31.95000,16.32601,3169600
2009-12-01,32.29999,32.61000,32.18001,32.39000,16.55084,4317500
2009-12-02,32.50000,32.69000,32.20001,32.39000,16.55084,3594200
2009-12-03,32.60000,32.64000,31.56999,31.57999,16.13694,2805600
2009-12-04,32.13001,32.13001,31.10000,31.38001,16.03475,3099900
2009-12-07,31.38001,31.89000,31.30000,31.46001,16.07563,2273600
2009-12-08,31.47001,31.51001,30.99000,31.04000,15.86101,1751900
2009-12-09,30.94999,31.10000,30.66001,30.71001,15.69239,2132700
2009-12-10,30.64001,31.78000,30.57000,31.70999,16.20337,2600500
2009-12-11,31.79000,32.05000,31.59999,31.93000,16.31579,2207100
2009-12-14,32.01000,32.05000,31.27000,31.76000,16.22892,5389800
2009-12-15,32.04000,32.04000,31.44001,31.67999,16.18804,2453100
2009-12-16,31.85000,31.97000,31.36001,31.42001,16.05519,2129400
2009-12-17,31.07000,31.87000,30.99000,31.53001,16.11140,2551300
2009-12-18,31.54001,31.67999,31.15000,31.48001,16.08585,2713400
2009-12-21,31.74000,31.94000,31.56999,31.69999,16.19826,1679700
2009-12-22,31.69999,31.69999,31.34001,31.46001,16.07563,1674800
2009-12-23,31.44001,31.50001,30.84999,30.88999,15.78436,2319400
2009-12-24,31.13000,31.19000,30.89999,31.12000,15.90189,346600
2009-12-28,31.25000,31.50001,30.98000,31.05000,15.86612,1151500
2009-12-29,31.09000,31.35001,31.08000,31.15000,15.91722,747000
2009-12-30,31.04000,31.21000,30.41000,30.76001,15.71794,1711800
2009-12-31,30.94999,31.00000,30.63001,30.67001,15.67195,756800
2010-01-04,30.72001,31.25000,30.69001,31.00000,15.84057,2844100
2010-01-05,31.11000,32.35999,31.00000,32.22001,16.46398,3193000
2010-01-06,32.50000,32.80000,32.10001,32.70000,16.70925,3873100
2010-01-07,32.64000,32.97999,32.53000,32.68000,16.69903,2506500
2010-01-08,32.59000,32.95999,32.46000,32.78000,16.75013,2448600
2010-01-11,32.85001,32.95999,32.51000,32.67000,16.69392,2361500
2010-01-12,32.60000,32.65000,31.77000,31.80000,16.24936,2803600
2010-01-13,31.75000,32.10001,31.29000,31.99001,16.34645,2359200
2010-01-14,31.76000,32.25999,31.65999,31.73000,16.21359,1634300
2010-01-15,32.58000,33.01999,32.25001,32.42999,16.57128,4101500
2010-01-19,32.25999,32.48000,32.13001,32.40000,16.55595,1991800
2010-01-20,32.17001,32.33999,31.92000,32.15001,16.42821,1887700
2010-01-21,32.31999,32.51000,31.32000,31.81000,16.25447,2357000
2010-01-22,31.74000,31.96000,30.87999,30.88999,15.78436,2014900
2010-01-25,31.04000,31.28000,30.62001,30.82999,15.75370,1784200
2010-01-26,30.87999,30.92999,30.49000,30.80999,15.74348,1652300
2010-01-27,30.60000,30.80999,29.62000,30.20999,15.43689,2487300
2010-01-28,30.14999,30.49000,29.73000,30.27000,15.46755,2016100
2010-01-29,30.44000,30.46000,29.62000,29.66000,15.15585,2745900
2010-02-01,29.96001,30.12999,29.59000,29.79000,15.22228,2543900
2010-02-02,29.73000,29.92001,29.32001,29.50999,15.07920,3919900
2010-02-03,29.50999,29.55000,29.30001,29.35001,14.99745,4838300
2010-02-04,29.13000,29.20001,28.54001,28.62001,14.62443,3915400
2010-02-05,28.53001,28.53001,27.69000,28.46001,14.54267,4797800
2010-02-08,28.59001,28.82000,28.42001,28.51001,14.56822,3946300
2010-02-09,28.64999,29.36001,28.64999,29.27001,14.95657,5386400
2010-02-10,28.23000,28.63999,27.85001,27.87999,14.24629,8053400
2010-02-11,27.82001,28.16000,27.70000,28.00999,14.31272,6643200
2010-02-12,27.97999,28.73999,27.69000,28.68999,14.66019,5311700
2010-02-16,28.50001,29.06000,28.41001,28.94000,14.78794,2650800
2010-02-17,30.81999,31.80000,30.69001,31.38001,16.03475,19702300
2010-02-18,31.22000,31.89000,31.17000,31.59999,16.14716,4298000
2010-02-19,31.54001,32.40000,31.42001,32.01000,16.35667,5625200
2010-02-22,32.25001,32.66000,32.04000,32.09001,16.39755,6083700
2010-02-23,31.42001,32.40000,31.29000,32.07000,16.38733,11183100
2010-02-24,32.25001,32.25001,31.59999,32.00000,16.35156,9144700
2010-02-25,31.82000,31.83000,31.15000,31.39001,16.03986,14534100
2010-02-26,31.57999,31.57999,30.92999,31.15000,15.91722,119175800
2010-03-01,31.08000,31.20000,30.80999,30.88999,15.78436,15196900
2010-03-02,31.05000,31.10000,30.70001,30.75001,15.71283,11565100
2010-03-03,31.01000,31.01000,30.61000,30.61000,15.64129,6157700
2010-03-04,30.58001,31.40001,30.51000,31.08000,15.88145,6135800
2010-03-05,31.36001,31.59999,31.14000,31.54999,16.12161,5055700
2010-03-08,31.54999,31.85000,31.36001,31.67999,16.18804,4766500
2010-03-09,31.00000,31.99001,30.89999,31.91000,16.30557,3898300
2010-03-10,31.70999,32.20001,31.29000,31.89000,16.29535,4785600
2010-03-11,31.69999,32.33999,31.52001,32.28999,16.49974,3698300
2010-03-12,32.31999,32.49000,31.98000,32.43999,16.57639,5096800
2010-03-15,32.49000,32.53000,32.14001,32.39000,16.55084,3764500
2010-03-16,32.25999,32.51000,32.15001,32.43999,16.57639,2881300
2010-03-17,32.40000,32.82001,32.20001,32.57000,16.64282,2462100
2010-03-18,32.68000,32.71000,32.38000,32.55000,16.63260,1920200
2010-03-19,32.50000,33.01999,32.29999,32.50000,16.60705,4454500
2010-03-22,32.46000,33.28000,32.18001,33.18000,16.95452,3696600
2010-03-23,33.16000,33.40000,32.97999,33.35000,17.04139,4728900
2010-03-24,33.08999,33.60001,33.04999,33.46001,17.09760,4051200
2010-03-25,33.59001,33.88000,33.24000,33.40000,17.06694,3922800
2010-03-26,33.85000,33.85000,33.35000,33.59001,17.16403,3761200
2010-03-29,33.86000,34.21001,33.42000,33.60001,17.16914,3097000
2010-03-30,33.61001,34.36001,33.36000,34.24001,17.49617,4696800
2010-03-31,33.95000,34.05000,33.66999,33.78999,17.26622,4061200
2010-04-01,33.84000,33.88000,33.47001,33.80999,17.27644,3268200
2010-04-05,33.79999,34.14000,33.60001,34.11000,17.42974,3877600
2010-04-06,33.97000,34.67000,33.94000,34.62000,17.69034,4631800
2010-04-07,34.49001,34.50999,33.92000,34.11000,17.42974,5457700
2010-04-08,34.09000,34.27001,33.95000,34.05000,17.39908,4031600
2010-04-09,34.09000,34.88000,34.02000,34.83000,17.79765,3411200
2010-04-12,34.84000,34.87000,34.63000,34.69000,17.72611,2521600
2010-04-13,34.72000,34.99001,34.49999,34.96001,17.86408,3229800
2010-04-14,34.87000,35.33000,34.65000,35.33000,18.05314,3551600
2010-04-15,35.39000,35.43000,35.08001,35.17999,17.97649,3454700
2010-04-16,35.01001,35.68001,34.79000,35.18999,17.98160,7670900
2010-04-19,35.19999,35.55000,34.91000,35.34000,18.05825,3697900
2010-04-20,35.46000,36.09000,35.34000,36.01999,18.40572,3053900
2010-04-21,36.13000,36.69999,36.07000,36.45001,18.62545,6195900
2010-04-22,36.37000,36.66999,36.03999,36.63001,18.71743,4670600
2010-04-23,36.72000,37.40999,36.34000,37.29999,19.05978,5295600
2010-04-26,37.35999,37.40999,36.91000,37.00000,18.90649,4473700
2010-04-27,36.74999,36.97000,35.97999,36.09000,18.44149,5026600
2010-04-28,36.21000,36.45001,35.92999,36.25000,18.52325,3411200
2010-04-29,36.59001,37.67000,36.53001,37.50000,19.16198,8187500
2010-04-30,37.75000,39.11000,37.62000,38.73001,19.79050,8488500
2010-05-03,39.00000,39.40001,38.70001,39.36001,20.11242,6644200
2010-05-04,39.08000,39.11000,38.48000,38.86999,19.86203,5253600
2010-05-05,38.42000,38.57001,37.25001,37.59000,19.20797,4952800
2010-05-06,37.29001,38.15999,33.51001,36.32000,18.55902,5633600
2010-05-07,36.49001,37.05000,34.88000,35.24999,18.01226,6462000
2010-05-10,36.40000,38.66001,36.40000,37.75000,19.28973,6039500
2010-05-11,37.77000,38.35000,37.29001,38.14999,19.49412,4589600
2010-05-12,38.18000,38.75001,38.06001,38.72001,19.78539,2359200
2010-05-13,38.77001,39.10000,38.08999,38.08999,19.46346,2704000
2010-05-14,37.98001,38.11999,37.18001,37.49000,19.15687,3351400
2010-05-17,37.70000,37.87000,36.65001,37.20001,19.00869,4269600
2010-05-18,37.50999,37.77000,36.71000,37.09000,18.95248,3157800
2010-05-19,36.99000,37.62000,36.36000,37.05000,18.93204,5457900
2010-05-20,36.39000,36.77999,35.76001,35.79001,18.28820,5554200
2010-05-21,35.20999,36.63999,35.06001,36.42001,18.61012,6320700
2010-05-24,36.24000,36.83000,35.90001,36.39000,18.59479,3680300
2010-05-25,35.51000,36.54001,34.86000,36.46001,18.63056,5581000
2010-05-26,36.63001,38.04001,36.47001,37.22001,19.01891,5863400
2010-05-27,37.84000,38.72001,37.84000,38.71001,19.78028,3852600
2010-05-28,38.49000,38.63001,37.29001,37.66000,19.24374,5226200
2010-06-01,37.23001,38.22000,37.08000,37.08000,18.94737,3383100
2010-06-02,37.31999,39.07000,37.10000,39.07000,19.96423,9252500
2010-06-03,38.90999,39.53999,38.66001,38.87999,19.86714,5491300
2010-06-04,38.30000,38.37000,36.81000,36.95000,18.88094,5128500
2010-06-07,36.91000,37.29001,36.00999,36.06000,18.42616,3969600
2010-06-08,36.06000,36.12000,34.90000,35.86999,18.32907,6412500
2010-06-09,35.88999,36.74999,35.74001,35.84001,18.31375,4121600
2010-06-10,36.52001,38.02001,36.07000,37.98001,19.40726,4757100
2010-06-11,37.53000,38.52000,37.27001,38.51000,19.67808,4510700
2010-06-14,38.68001,39.00000,38.28000,38.36000,19.60143,3415400
2010-06-15,38.75001,39.53999,38.41000,39.52999,20.19928,4382300
2010-06-16,39.35001,39.69000,38.92000,39.17000,20.01533,4537900
2010-06-17,39.14000,39.50001,38.98000,39.31001,20.08687,3841400
2010-06-18,39.46001,39.71000,38.93000,39.26000,20.06132,4238300
2010-06-21,39.70000,40.13001,39.19000,39.37001,20.11753,5775900
2010-06-22,39.41001,39.82000,38.58001,38.70001,19.77517,8182000
2010-06-23,38.92000,38.98000,37.74000,38.19000,19.51456,5775100
2010-06-24,38.13999,38.22000,37.15001,37.29999,19.05978,7520400
2010-06-25,37.29999,37.86000,36.88000,37.63000,19.22841,40489900
2010-06-28,37.79000,38.02999,37.41999,37.44000,19.13132,6582600
2010-06-29,37.01000,37.14000,35.17999,35.46000,18.11957,5953200
2010-06-30,35.25999,36.42001,35.23999,35.71001,18.24732,6919400
2010-07-01,35.61000,36.11000,34.96001,36.09000,18.44149,5636400
2010-07-02,36.16000,36.35000,34.94001,35.39000,18.08380,3723200
2010-07-06,35.82001,36.26000,35.24999,35.63000,18.20644,3778200
2010-07-07,35.58000,36.33000,35.55000,36.27000,18.53347,4616400
2010-07-08,36.51001,36.61999,35.86001,36.33000,18.56413,3744100
2010-07-09,36.25000,36.50001,35.93999,36.29000,18.54369,4356900
2010-07-12,36.00999,36.27000,35.58000,35.93999,18.36484,3541000
2010-07-13,36.23000,36.89000,36.02999,36.59999,18.70209,4844400
2010-07-14,36.39000,36.91000,36.11000,36.63001,18.71743,3534900
2010-07-15,36.56001,36.65001,35.77001,36.29000,18.54369,3309700
2010-07-16,36.14000,36.26000,34.92000,34.99001,17.87941,4051000
2010-07-19,35.13001,35.61000,34.99001,35.43000,18.10424,2754500
2010-07-20,34.84000,35.86999,34.70000,35.81001,18.29842,3948100
2010-07-21,35.86999,35.92999,34.84000,34.98001,17.87430,4396000
2010-07-22,35.29999,36.22000,34.90000,36.11000,18.45171,3818500
2010-07-23,35.98999,36.99000,35.77001,36.97000,18.89116,3259800
2010-07-26,37.10000,38.29000,36.97000,38.29000,19.56566,3676000
2010-07-27,38.35000,38.53000,37.78000,37.98001,19.40726,2799100
2010-07-28,37.90001,37.98001,37.55000,37.85000,19.34083,2448600
2010-07-29,38.20000,38.55001,37.65000,38.06001,19.44814,2909100
2010-07-30,37.62000,38.79999,37.21001,38.61000,19.72918,4481300
2010-08-02,39.34001,39.99000,39.23000,39.36001,20.11242,5621900
2010-08-03,39.27000,39.73000,37.96001,38.40000,19.62187,8408600
2010-08-04,38.54001,38.61000,38.02999,38.36000,19.60143,3922600
2010-08-05,38.00001,38.37000,37.49000,38.34000,19.59121,4598600
2010-08-06,37.92001,38.29000,37.76000,38.19000,19.51456,4278600
2010-08-09,38.28000,38.28000,38.00001,38.22000,19.52989,2993200
2010-08-10,38.00999,38.66001,37.81001,38.57001,19.70874,4530500
2010-08-11,38.00001,38.06999,37.49000,37.93001,19.38171,4887600
2010-08-12,37.50000,37.72000,37.06000,37.35999,19.09044,4093800
2010-08-13,37.11000,37.54000,37.04000,37.20001,19.00869,3397500
2010-08-16,37.00000,37.12000,36.65999,36.97000,18.89116,2181500
2010-08-17,37.23001,38.02999,36.97000,37.75000,19.28973,2937100
2010-08-18,37.67000,38.44000,37.38999,38.04001,19.43792,1961500
2010-08-19,37.78000,38.00999,37.20001,37.36999,19.09555,2271700
2010-08-20,37.26001,37.88000,36.99000,37.82001,19.32550,3907200
2010-08-23,38.00999,38.30000,37.54000,37.79000,19.31017,2051500
2010-08-24,37.46000,37.54000,36.80000,36.81000,18.80940,2609100
2010-08-25,36.56001,36.97000,36.19000,36.80000,18.80429,2206300
2010-08-26,36.90000,37.42999,36.86000,37.18001,18.99847,3592100
2010-08-27,37.50999,38.09999,36.89000,37.99001,19.41237,2575400
2010-08-30,37.92001,38.41000,37.74000,37.74000,19.28462,1964400
2010-08-31,37.55000,38.21000,37.47000,37.75000,19.28973,2973300
2010-09-01,38.24000,39.25000,38.22000,38.94000,19.89780,3909500
2010-09-02,39.06000,39.52999,38.99000,39.44001,20.15330,2244500
2010-09-03,39.87000,40.52000,39.55999,40.18001,20.53143,2230800
2010-09-07,39.43001,39.83000,38.93000,39.18000,20.02044,2217900
2010-09-08,39.24000,39.77000,39.03000,39.14000,20.00000,2548000
2010-09-09,39.59999,39.70000,38.94000,39.14000,20.00000,2391300
2010-09-10,39.14000,39.51999,38.97000,39.49001,20.17885,1195700
2010-09-13,39.84000,40.32999,39.73000,39.87000,20.37302,1977200
2010-09-14,39.84000,40.49000,39.60999,40.45000,20.66939,3652700
2010-09-15,40.69000,42.11000,40.56000,41.54001,21.22637,5883300
2010-09-16,41.57001,41.81000,40.88001,41.56001,21.23659,3662500
2010-09-17,41.89000,42.18000,41.53001,41.99000,21.45631,4364900
2010-09-20,42.24001,43.56000,41.93000,43.37000,22.16147,4332800
2010-09-21,43.52000,44.16000,43.09999,43.23999,22.09504,3486800
2010-09-22,43.23999,43.60000,42.36999,42.50999,21.72202,4258000
2010-09-23,42.25001,43.13001,41.95000,42.50999,21.72202,2296300
2010-09-24,43.21999,43.62001,43.11999,43.54000,22.24834,3874100
2010-09-27,43.50000,43.97999,43.29000,43.74001,22.35054,2372300
2010-09-28,43.65001,43.84999,43.31000,43.69000,22.32499,3274500
2010-09-29,43.51000,43.78001,43.22999,43.50000,22.22790,1806100
2010-09-30,43.88999,44.39001,43.42000,43.55000,22.25345,3381100
2010-10-01,43.80001,43.80001,42.98001,43.27000,22.11037,2869700
2010-10-04,43.09999,43.37000,42.49999,42.59999,21.76801,4177000
2010-10-05,42.97001,44.02000,42.73000,43.88999,22.42718,4873300
2010-10-06,43.88999,44.08000,43.00001,43.33000,22.14103,3258800
2010-10-07,43.57000,43.90001,43.33000,43.84001,22.40164,2260700
2010-10-08,43.96999,44.03000,43.09999,43.43000,22.19213,2899900
2010-10-11,43.40000,43.69000,43.11999,43.20999,22.07971,1785600
2010-10-12,43.15999,43.67001,42.56000,43.49000,22.22279,1965200
2010-10-13,43.69000,44.30000,43.69000,43.94999,22.45784,2305200
2010-10-14,43.40000,43.88001,42.89001,43.18999,22.06949,3595400
2010-10-15,43.68001,43.68001,42.66000,43.18999,22.06949,2782100
2010-10-18,43.21999,43.43000,43.01001,43.28000,22.11548,1695000
2010-10-19,42.79000,43.32000,42.36001,42.66000,21.79867,2951500
2010-10-20,42.81000,43.88001,42.63000,43.37000,22.16147,2182400
2010-10-21,43.63001,44.33000,43.16999,43.40000,22.17680,1955600
2010-10-22,43.59000,43.90001,43.27000,43.73001,22.34543,1334700
2010-10-25,44.08000,45.18001,43.96999,44.28000,22.62647,3953700
2010-10-26,44.13000,44.67999,43.84999,44.58999,22.78487,2021400
2010-10-27,44.21000,44.99000,43.84001,44.96000,22.97394,3893300
2010-10-28,45.27999,45.41999,44.62999,44.97000,22.97905,2760500
2010-10-29,44.69999,44.74000,44.19000,44.66999,22.82575,3388900
2010-11-01,44.92000,45.18001,44.12000,44.40001,22.68779,2205900
2010-11-02,44.98000,45.17001,44.40001,44.49001,22.73378,3467400
2010-11-03,42.79000,43.09001,42.15001,42.59999,21.76801,8625900
2010-11-04,42.99001,43.13001,41.68999,41.95000,21.43587,5138900
2010-11-05,41.99000,42.15001,41.06999,41.10999,21.00664,4863300
2010-11-08,41.15000,41.50001,40.73000,40.97001,20.93511,4050800
2010-11-09,41.01999,41.18000,40.40000,40.53000,20.71027,4371500
2010-11-10,40.57000,41.34000,40.16999,41.16000,21.03219,5476500
2010-11-11,40.91999,40.99001,40.28999,40.60000,20.74604,5125800
2010-11-12,40.51000,40.82001,40.22001,40.40000,20.64384,3337500
2010-11-15,40.60000,40.63000,40.01000,40.22999,20.55697,4203400
2010-11-16,40.00000,40.32999,39.61999,40.26999,20.57741,4793100
2010-11-17,40.69000,41.66001,40.47000,41.66001,21.28769,9117500
2010-11-18,42.17000,42.73000,42.00000,42.38999,21.66070,4676600
2010-11-19,42.41999,42.62000,41.98000,42.34001,21.63516,2615500
2010-11-22,42.20000,42.27001,41.68001,42.09000,21.50741,2954300
2010-11-23,41.70999,41.70999,40.93001,41.20000,21.05263,2924500
2010-11-24,41.43000,42.26001,41.43000,42.09000,21.50741,2047800
2010-11-26,41.73999,42.32001,41.59001,42.13000,21.52785,1295100
2010-11-29,41.72001,41.72001,40.80001,41.44000,21.17527,3924400
2010-11-30,40.95999,41.48000,40.74000,40.78001,20.83802,7355000
2010-12-01,41.38000,41.55001,40.61000,41.34000,21.12417,4805800
2010-12-02,41.24000,42.32001,41.24000,42.12000,21.52274,2671300
2010-12-03,42.03000,42.97001,41.85999,42.92001,21.93153,2827100
2010-12-06,42.75000,43.08001,42.53000,42.89001,21.91620,2936100
2010-12-07,43.22999,43.54000,42.98001,43.11001,22.02862,5415400
2010-12-08,43.15999,43.38000,42.49999,42.69000,21.81400,2324700
2010-12-09,42.88001,42.89001,42.14001,42.42999,21.68114,2598900
2010-12-10,42.57000,42.58999,42.10000,42.47999,21.70669,2928500
2010-12-13,42.72000,42.97001,41.92000,42.02000,21.47164,3084000
2010-12-14,42.12000,42.24001,41.89000,42.08000,21.50230,1440400
2010-12-15,42.04000,42.54000,41.75999,41.81000,21.36433,2250900
2010-12-16,41.81000,42.22000,41.28000,42.18000,21.55340,2139600
2010-12-17,42.16001,42.52000,41.68001,42.46999,21.70158,4581700
2010-12-20,42.88001,42.88001,42.09000,42.41999,21.67603,1765800
2010-12-21,42.65000,42.79000,42.38999,42.71000,21.82422,1733900
2010-12-22,42.72000,42.94000,42.54000,42.78000,21.85999,2688500
2010-12-23,42.77000,42.97001,42.02000,42.15001,21.53807,2437800
2010-12-27,42.13000,42.13000,41.64001,41.87000,21.39499,1547400
2010-12-28,42.02000,42.17000,41.40000,41.80000,21.35922,1450300
2010-12-29,41.80000,42.36001,41.60001,42.20000,21.56362,1512800
2010-12-30,42.14001,42.14001,41.49001,41.80000,21.35922,2632800
2010-12-31,41.68001,42.22000,41.46000,41.70001,21.30813,2013900
2011-01-03,42.00000,42.25001,41.70999,42.01000,21.46653,2657400
2011-01-04,42.08000,42.09000,41.32000,41.43000,21.17016,2702200
2011-01-05,41.29000,41.48000,40.33999,40.55000,20.72049,6199000
2011-01-06,40.47000,40.48000,40.03001,40.30999,20.59785,5426400
2011-01-07,40.30999,40.40000,39.70000,40.31999,20.60296,5153000
2011-01-10,39.69000,40.12001,39.47001,39.82000,20.34747,4164300
2011-01-11,40.04001,40.20001,39.79000,39.95000,20.41390,3020800
2011-01-12,40.11001,40.11001,39.39001,39.66000,20.26571,5005000
2011-01-13,39.68000,39.70000,38.75001,38.83001,19.84160,5964000
2011-01-14,38.79999,38.81001,37.70000,38.56001,19.70363,7588700
2011-01-18,38.75999,39.52999,38.42000,39.47001,20.16863,5289000
2011-01-19,39.50001,39.96000,39.30001,39.49001,20.17885,6372400
2011-01-20,40.12001,40.18001,39.58999,39.78000,20.32703,4793300
2011-01-21,40.07001,40.53000,39.82000,40.04001,20.45989,4296000
2011-01-24,40.02001,40.36999,39.40001,40.08001,20.48033,3448200
2011-01-25,40.00000,40.13001,38.97000,39.47001,20.16863,3105400
2011-01-26,39.50001,39.53999,39.18000,39.38001,20.12264,3177800
2011-01-27,39.34001,39.96000,39.28001,39.32001,20.09198,2024900
2011-01-28,39.27000,39.59999,38.59001,38.66001,19.75473,3414000
2011-01-31,38.66001,39.20000,38.57001,39.00000,19.92846,2483400
2011-02-01,38.02001,39.06000,37.62000,39.00000,19.92846,4759400
2011-02-02,38.83001,40.01000,38.81999,39.70000,20.28615,2883100
2011-02-03,39.93000,41.17000,39.82000,41.14000,21.02197,4161399
2011-02-04,41.18000,41.68999,40.71000,41.68999,21.30301,3138800
2011-02-07,41.82999,42.38001,41.55001,42.27001,21.59939,5145000
2011-02-08,42.38001,43.06001,42.04000,42.55000,21.74246,3421200
2011-02-09,42.38999,43.39000,42.29001,42.88001,21.91109,2543500
2011-02-10,42.58999,43.24999,42.17000,43.24999,22.10015,3853500
2011-02-11,42.08000,43.84999,41.62001,43.75001,22.35565,6611100
2011-02-14,43.83001,44.00000,42.95000,43.43000,22.19213,2986200
2011-02-15,43.19999,43.88001,43.05001,43.73001,22.34543,2264200
2011-02-16,43.82001,44.33000,43.82001,44.17000,22.57026,1704500
2011-02-17,44.00000,44.02000,43.18999,43.31000,22.13081,2986200
2011-02-18,43.38000,43.92999,43.15999,43.90999,22.43740,3034300
2011-02-22,43.52000,43.53000,42.53000,42.90001,21.92131,2312800
2011-02-23,42.88001,42.89001,41.70999,42.28001,21.60450,3551400
2011-02-24,42.36001,42.81000,42.06000,42.62000,21.77823,2113000
2011-02-25,42.85000,43.24999,42.73000,42.91001,21.92642,1837800
2011-02-28,42.91001,43.13999,42.58000,43.11001,22.02862,2982300
2011-03-01,43.17999,43.17999,41.83999,41.91000,21.41543,2892300
2011-03-02,41.85999,42.48999,41.76999,42.24001,21.58406,2777200
2011-03-03,42.58000,42.85000,42.31001,42.75000,21.84466,2541600
2011-03-04,42.64000,42.74000,41.63001,41.94000,21.43076,3557000
2011-03-07,41.92000,42.05000,41.08999,41.47000,21.19060,2832000
2011-03-08,41.58001,41.73999,40.99999,41.48000,21.19571,2834100
2011-03-09,41.46000,41.65001,40.88001,41.25000,21.07818,2259700
2011-03-10,40.72000,40.86001,40.16001,40.51000,20.70005,2354900
2011-03-11,40.53000,41.25000,40.47000,40.93001,20.91467,2548000
2011-03-14,40.73000,40.74000,39.79000,40.16999,20.52631,2736100
2011-03-15,39.41001,40.01000,39.30001,39.73000,20.30148,3722600
2011-03-16,39.53999,39.64999,38.56001,38.75999,19.80582,3873500
2011-03-17,39.28001,39.45001,38.58001,38.81999,19.83648,3615800
2011-03-18,39.39001,39.49001,38.97000,39.24000,20.05110,3810500
2011-03-21,39.64999,40.26999,39.47001,39.96000,20.41901,2746500
2011-03-22,39.95000,40.04001,39.34001,39.56999,20.21972,1654100
2011-03-23,39.40001,39.69000,38.60001,39.57999,20.22483,2540600
2011-03-24,39.81000,39.99000,39.53999,39.55999,20.21461,1768900
2011-03-25,39.68000,39.79000,39.26000,39.34001,20.10220,3683100
2011-03-28,39.34001,39.46001,38.79001,39.00000,19.92846,2516700
2011-03-29,38.94000,39.00000,38.48000,38.60001,19.72407,5057100
2011-03-30,38.81001,40.04001,38.75001,40.00000,20.43945,4511900
2011-03-31,39.80000,40.16001,39.80000,39.90000,20.38835,3287400
2011-04-01,40.08001,40.82001,40.04001,40.41000,20.64895,2673300
2011-04-04,40.54000,40.65000,40.41000,40.48000,20.68472,2075000
2011-04-05,40.34999,40.70000,40.10001,40.42000,20.65406,2711200
2011-04-06,40.50000,40.64000,40.27999,40.32999,20.60807,3060900
2011-04-07,40.22001,40.44000,39.95000,40.25999,20.57230,3642800
2011-04-08,40.29999,40.40000,39.92000,40.07001,20.47522,2104400
2011-04-11,40.13001,40.22001,39.86000,40.22001,20.55187,1682000
2011-04-12,39.88000,40.22001,39.81000,40.01000,20.44456,2232200
2011-04-13,40.20999,40.43000,40.10001,40.26999,20.57741,2794200
2011-04-14,39.99000,40.27999,39.89000,40.11001,20.49566,2221000
2011-04-15,40.20001,40.50000,39.90000,40.06001,20.47011,3231400
2011-04-18,39.56999,40.04001,39.50001,40.01000,20.44456,3365500
2011-04-19,40.26999,40.57000,39.96000,40.53000,20.71027,3146500
2011-04-20,40.97001,41.39000,40.89001,41.36000,21.13439,3107500
2011-04-21,41.43000,41.44000,41.02999,41.37000,21.13950,1907100
2011-04-25,41.51001,41.82000,41.33000,41.75999,21.33878,2593000
2011-04-26,41.79000,41.92000,41.30000,41.46000,21.18549,2739800
2011-04-27,41.48000,42.43999,41.40000,42.38999,21.66070,3942800
2011-04-28,42.32001,43.98999,42.32001,43.13999,22.04394,5675300
2011-04-29,43.57000,44.52001,43.43000,44.26000,22.61625,4892500
2011-05-02,44.14000,45.18001,44.14000,44.64999,22.81553,3829300
2011-05-03,44.51001,44.92000,44.47001,44.59999,22.78998,3627900
2011-05-04,44.81000,45.07000,43.88001,44.20000,22.58559,3900900
2011-05-05,44.03000,44.59999,43.61000,44.15000,22.56004,3252700
2011-05-06,44.74000,45.20001,44.43001,44.65999,22.82064,2674000
2011-05-09,44.75000,44.81000,44.20000,44.24000,22.60603,2705400
2011-05-10,44.35000,44.91000,44.35000,44.70999,22.84619,2956800
2011-05-11,44.66999,44.66999,43.73001,43.88001,22.42208,2769500
2011-05-12,43.83001,45.00000,43.77001,44.92000,22.95350,3306200
2011-05-13,44.84000,44.88000,44.18000,44.27000,22.62136,2556400
2011-05-16,44.20000,44.54999,43.58000,43.63001,22.29433,3062900
2011-05-17,43.52000,44.07000,43.27000,43.84001,22.40164,1904400
2011-05-18,43.88001,45.24001,43.75001,45.19001,23.09147,2847200
2011-05-19,45.33999,45.81000,45.21001,45.34999,23.17322,3196800
2011-05-20,45.33999,45.38999,44.53001,44.72999,22.85641,2257000
2011-05-23,44.14000,44.58999,44.04000,44.24000,22.60603,1570500
2011-05-24,44.45001,44.47001,43.62001,43.64001,22.29944,2334500
2011-05-25,43.44000,43.58000,43.13999,43.33000,22.14103,3743000
2011-05-26,43.13001,43.60000,42.87000,43.39000,22.17169,3673500
2011-05-27,43.59000,43.84001,43.46000,43.71001,22.33521,2033500
2011-05-31,43.98999,44.05000,43.11001,43.56000,22.25856,3582900
2011-06-01,43.35000,43.74001,42.65000,42.71000,21.82422,3587400
2011-06-02,42.67000,43.19999,42.44999,42.59999,21.76801,2835300
2011-06-03,42.08000,42.50999,41.92000,41.96000,21.44098,2428200
2011-06-06,41.79000,41.96000,40.99999,41.06000,20.98109,3128300
2011-06-07,41.27000,41.65001,41.06999,41.38000,21.14461,2634700
2011-06-08,41.24000,41.30000,40.54000,40.65000,20.77159,2464300
2011-06-09,40.82001,41.14000,40.62000,40.95999,20.92999,2959000
2011-06-10,40.75000,40.85001,39.92000,39.97000,20.42412,3351600
2011-06-13,40.24001,40.52000,39.94000,39.99000,20.43434,3666200
2011-06-14,40.49000,40.56000,40.24001,40.48000,20.68472,3554900
2011-06-15,40.08001,40.64000,39.74000,39.78000,20.32703,4564100
2011-06-16,39.82000,40.22999,39.53999,40.20999,20.54675,5781000
2011-06-17,40.61000,40.91001,40.37999,40.41000,20.64895,3855700
2011-06-20,40.16999,40.97999,40.16999,40.91999,20.90955,3262700
2011-06-21,41.06000,42.12000,41.06000,42.04000,21.48186,4522400
2011-06-22,41.78000,42.05000,41.57001,41.68999,21.30301,2353300
2011-06-23,39.71000,40.71000,39.71000,40.64000,20.76648,4249400
2011-06-24,40.62000,40.64000,39.98000,40.22001,20.55187,6674900
2011-06-27,40.24001,40.52000,39.92000,40.35999,20.62340,2501400
2011-06-28,40.52000,40.90001,40.40000,40.87001,20.88401,1786500
2011-06-29,40.99001,41.34000,40.69000,40.69000,20.79203,3642800
2011-06-30,41.03999,41.51001,40.95001,40.95999,20.92999,4644900
2011-07-01,40.97999,41.89000,40.88001,41.66999,21.29279,2393600
2011-07-05,41.70001,42.33001,41.47000,42.07000,21.49719,2664800
2011-07-06,41.94000,42.00000,41.53001,41.61001,21.26214,2734500
2011-07-07,42.08000,42.52000,41.85999,42.49999,21.71691,4909300
2011-07-08,41.91000,42.28001,41.70999,41.93000,21.42565,3031800
2011-07-11,41.42000,41.94000,41.33000,41.58001,21.24681,3583700
2011-07-12,41.51001,42.26001,41.49001,41.88000,21.40010,3243100
2011-07-13,42.00000,42.29001,41.68999,41.82000,21.36944,2902800
2011-07-14,42.18000,42.18000,41.38000,41.59001,21.25192,3200500
2011-07-15,41.70001,41.87000,41.24000,41.60001,21.25703,3643000
2011-07-18,41.33000,41.47000,40.43000,40.59000,20.74093,2691900
2011-07-19,40.87001,41.15000,40.75000,40.97001,20.93511,2384600
2011-07-20,40.88001,41.08999,40.00000,40.20999,20.54675,5163000
2011-07-21,40.57000,40.99001,40.48000,40.77001,20.83291,4286800
2011-07-22,40.85001,41.14000,40.55000,41.03999,20.97087,3514000
2011-07-25,40.55000,40.60000,39.99000,40.05001,20.46500,4865300
2011-07-26,39.98000,40.15001,39.83000,39.91000,20.39346,4824000
2011-07-27,39.82000,40.12001,39.50001,39.92000,20.39857,5929900
2011-07-28,39.98000,40.78001,39.82000,40.25999,20.57230,3902600
2011-07-29,39.81000,40.24001,39.69000,39.80000,20.33725,3587400
2011-08-01,39.96000,40.14001,38.69001,39.22000,20.04088,6990600
2011-08-02,38.92000,39.36001,38.12999,38.13999,19.48901,4734400
2011-08-03,38.19000,38.58001,36.66999,38.20000,19.51967,12041000
2011-08-04,38.26000,38.88999,36.72000,36.75999,18.78385,9849600
2011-08-05,37.29001,37.50000,35.94999,37.24001,19.02913,9431600
2011-08-08,36.71000,36.73000,34.75000,34.75000,17.75677,11687400
2011-08-09,35.45000,37.25001,35.26999,37.20001,19.00869,10014200
2011-08-10,36.36000,37.45000,35.86999,36.16000,18.47726,8796700
2011-08-11,36.40000,38.64001,36.40000,38.18000,19.50945,7704100
2011-08-12,38.69001,39.35001,38.31000,39.03000,19.94379,6143400
2011-08-15,39.25000,39.54999,38.83999,39.50001,20.18396,2875600
2011-08-16,39.03000,39.77000,38.75999,39.42001,20.14308,3861400
2011-08-17,39.55999,40.00000,38.75001,39.16000,20.01022,2440400
2011-08-18,38.16999,38.16999,35.97000,36.47001,18.63567,7287900
2011-08-19,35.81001,37.16001,35.81001,36.32000,18.55902,5140100
2011-08-22,37.02000,37.19001,36.12000,36.28000,18.53858,4073500
2011-08-23,36.41000,37.74000,36.17000,37.74000,19.28462,3424800
2011-08-24,37.53000,38.73001,37.31999,38.68001,19.76495,3790100
2011-08-25,38.81999,39.17000,38.11999,38.19000,19.51456,2998300
2011-08-26,37.87000,39.56999,37.65000,39.51999,20.19417,4043400
2011-08-29,39.91000,40.65000,39.76000,40.62000,20.75626,2650000
2011-08-30,40.64000,41.98000,40.50000,41.59001,21.25192,3361700
2011-08-31,41.80000,42.45999,41.66999,42.28001,21.60450,3822000
2011-09-01,42.19000,42.44999,41.36000,41.37000,21.13950,3997600
2011-09-02,40.66000,41.10999,40.32999,40.33999,20.61318,3345500
2011-09-06,38.95000,39.99000,38.67001,39.77000,20.32192,4371400
2011-09-07,40.00000,40.44000,39.71000,40.37999,20.63362,3480900
2011-09-08,40.18001,40.49000,39.44001,39.48001,20.17374,3748400
2011-09-09,39.05000,39.37001,38.02999,38.31000,19.57588,4653400
2011-09-12,37.76000,38.37000,36.94000,37.78000,19.30506,4457100
2011-09-13,37.87000,38.57001,37.62000,38.41000,19.62698,2824100
2011-09-14,38.68001,39.71000,38.18000,39.22000,20.04088,2703400
2011-09-15,39.64999,40.15001,39.05000,40.13001,20.50588,3246100
2011-09-16,40.44000,40.89001,39.71000,40.16001,20.52121,4392300
2011-09-19,39.56999,39.78000,38.89999,39.61999,20.24527,3264300
2011-09-20,39.86000,40.30999,39.58999,39.74000,20.30659,2602400
2011-09-21,39.99000,41.15000,39.69000,39.93000,20.40368,5748300
2011-09-22,38.95000,39.37001,37.96001,38.74001,19.79561,6520900
2011-09-23,38.70001,40.27999,38.45000,39.90000,20.38835,4087800
2011-09-26,40.33999,41.70999,40.00000,41.66001,21.28769,5189400
2011-09-27,42.44999,42.77000,41.53001,41.78000,21.34900,4012400
2011-09-28,41.91000,41.91000,39.66000,39.76000,20.31681,5039300
2011-09-29,40.43000,40.53000,37.99001,38.54001,19.69341,5323200
2011-09-30,38.11999,38.36000,37.48000,37.62000,19.22330,4366100
2011-10-03,37.50000,37.70000,36.67999,36.73000,18.76852,4894100
2011-10-04,36.27000,37.81001,35.65000,37.75000,19.28973,4082500
2011-10-05,37.88000,38.12999,37.12000,37.95001,19.39193,3444900
2011-10-06,37.98001,38.61000,37.54000,38.60001,19.72407,1619000
2011-10-07,38.81001,38.81001,37.70000,38.08999,19.46346,3245100
2011-10-10,38.71001,39.27000,38.56001,39.13000,19.99489,2508300
2011-10-11,39.08000,40.38999,38.83999,40.07001,20.47522,4038500
2011-10-12,40.48000,40.91999,40.20001,40.63000,20.76137,2825700
2011-10-13,40.28999,40.76001,40.02001,40.60000,20.74604,1893000
2011-10-14,41.14000,41.78000,40.95999,41.75999,21.33878,2317900
2011-10-17,41.64001,41.81000,40.72000,40.83001,20.86357,1974800
2011-10-18,40.83001,41.88000,40.31999,41.57001,21.24170,1929400
2011-10-19,41.57001,41.78000,40.93001,41.06999,20.98620,1674400
2011-10-20,41.14000,41.34000,40.72000,41.06000,20.98109,3019100
2011-10-21,41.55001,42.65000,41.55001,42.58000,21.75779,3428300
2011-10-24,42.70000,43.29000,42.50999,43.01001,21.97752,2203600
2011-10-25,42.62000,42.97001,42.05000,42.15001,21.53807,1713900
2011-10-26,42.02000,42.27001,41.78000,42.05000,21.48697,3415700
2011-10-27,43.19999,43.31000,42.72000,43.07001,22.00818,3513600
2011-10-28,43.01001,43.09001,42.43999,42.83000,21.88554,2514900
2011-10-31,42.57000,43.86999,42.40999,43.46000,22.20746,5126400
2011-11-01,42.08000,43.63001,41.66001,42.27001,21.59939,6574700
2011-11-02,43.46000,44.11000,42.78000,44.02000,22.49361,7919200
2011-11-03,44.28000,44.56001,43.56000,44.42001,22.69801,3358800
2011-11-04,44.01000,44.24000,43.55000,44.02000,22.49361,2500300
2011-11-07,44.02000,44.27000,43.55000,44.19000,22.58048,1908100
2011-11-08,44.42001,45.14001,43.83001,45.06000,23.02504,2526300
2011-11-09,43.55000,43.86999,41.68999,42.00000,21.46142,5066700
2011-11-10,42.71000,42.71000,41.30000,42.07000,21.49719,4935600
2011-11-11,42.46999,43.42000,42.30001,43.39000,22.17169,2753100
2011-11-14,43.30000,43.38000,42.69000,42.89001,21.91620,2409700
2011-11-15,42.66000,42.81000,41.74999,42.01000,21.46653,4338100
2011-11-16,41.52001,42.34999,41.27000,41.45000,21.18038,2768800
2011-11-17,41.33000,41.44000,40.54000,40.72000,20.80736,2732600
2011-11-18,40.95001,41.00999,40.41000,40.62000,20.75626,2156800
2011-11-21,40.16999,40.31999,39.47001,40.09001,20.48544,2712600
2011-11-22,40.16999,40.81001,40.02001,40.58000,20.73582,2697300
2011-11-23,39.89000,40.03001,39.01000,39.04000,19.94890,3412800
2011-11-25,38.97000,39.62999,38.85999,39.22000,20.04088,861500
2011-11-28,40.18999,40.67000,39.87000,40.22999,20.55697,2472100
2011-11-29,40.31999,40.78001,40.00000,40.24999,20.56719,2768000
2011-11-30,41.31000,42.02000,41.11999,41.98000,21.45120,3421400
2011-12-01,41.94000,41.98000,41.07999,41.18000,21.04241,2726700
2011-12-02,41.50001,41.82999,41.30000,41.49001,21.20082,2917100
2011-12-05,42.19000,42.24001,41.17000,41.64001,21.27747,2693600
2011-12-06,41.68999,41.96000,41.57001,41.83999,21.37966,2131200
2011-12-07,41.68999,42.06000,40.99999,41.79000,21.35411,2440600
2011-12-08,41.45000,41.56001,40.91999,41.05000,20.97598,6153800
2011-12-09,41.25000,42.04000,41.16000,41.91000,21.41543,2644700
2011-12-12,41.70001,41.72001,40.83001,41.51001,21.21104,3574500
2011-12-13,41.62001,42.09000,41.06999,41.22000,21.06285,2881700
2011-12-14,41.37000,41.48000,40.15001,40.18001,20.53143,3183300
2011-12-15,40.53000,40.95001,40.13001,40.20001,20.54165,2692400
2011-12-16,40.52000,40.60000,39.69000,40.16999,20.52631,7172200
2011-12-19,40.13001,40.71000,39.33001,39.40001,20.13286,2346100
2011-12-20,40.06001,40.89001,39.83000,40.54000,20.71538,2360700
2011-12-21,40.76001,40.84001,40.13001,40.32999,20.60807,2135900
2011-12-22,40.47000,40.60000,40.05001,40.35999,20.62340,2288100
2011-12-23,40.47000,40.59000,40.33999,40.52000,20.70516,2161700
2011-12-27,40.41000,40.71000,40.00000,40.43000,20.65917,1964400
2011-12-28,40.52000,40.93001,40.32999,40.66000,20.77670,2062500
2011-12-29,40.74000,41.05000,40.64000,40.99999,20.95043,3153700
2011-12-30,41.07999,41.30000,40.97001,40.97001,20.93511,1848000
2012-01-03,41.97000,42.13000,40.81001,40.87001,20.88401,3130800
2012-01-04,40.86001,41.06999,40.62000,40.97999,20.94021,2604600
2012-01-05,40.68000,41.06999,40.24001,41.03999,20.97087,2822000
2012-01-06,40.89001,41.35000,40.74000,41.29000,21.09862,2015300
2012-01-09,41.21000,41.64001,41.15000,41.56001,21.23659,2228200
2012-01-10,41.97000,42.46999,41.83999,42.34999,21.64026,2490100
2012-01-11,42.14001,43.15001,40.84001,42.97001,21.95708,3487600
2012-01-12,43.06001,43.57000,42.79000,43.53000,22.24323,2659000
2012-01-13,43.22999,43.67001,43.13999,43.34000,22.14614,1854600
2012-01-17,44.00000,44.22000,43.60000,43.70000,22.33010,1584600
2012-01-18,43.63001,44.01000,43.32000,43.98999,22.47828,1451300
2012-01-19,43.98999,44.82000,43.79001,44.70999,22.84619,2071500
2012-01-20,44.75000,44.75000,43.71001,43.80001,22.38120,3421600
2012-01-23,43.76001,44.23000,43.38000,43.68001,22.31988,2400100
2012-01-24,43.45000,43.90001,43.36000,43.70000,22.33010,1487700
2012-01-25,43.68001,44.62999,43.62001,44.48001,22.72867,1698500
2012-01-26,44.69999,44.78000,44.15000,44.34000,22.65713,1986200
2012-01-27,44.18000,44.21000,43.59000,43.67001,22.31477,1504300
2012-01-30,43.35000,43.42000,42.71000,43.02001,21.98263,2717300
2012-01-31,43.31000,43.41000,42.80000,42.88001,21.91109,2779500
2012-02-01,43.34000,43.68001,43.06001,43.46000,22.20746,2334700
2012-02-02,43.36000,43.81001,42.85000,43.70000,22.33010,4672700
2012-02-03,44.06000,44.74000,44.02000,44.65999,22.82064,3878000
2012-02-06,44.38001,44.88000,44.30000,44.62999,22.80531,1730600
2012-02-07,44.47001,45.41999,44.35000,45.29001,23.14257,2799900
2012-02-08,45.20001,45.77000,44.99000,45.34999,23.17322,2131800
2012-02-09,45.41999,45.43999,44.87000,45.02000,23.00460,2404800
2012-02-10,44.71999,44.95000,44.54001,44.79000,22.88707,2142300
2012-02-13,45.27001,45.31999,44.94000,45.16001,23.07614,1800600
2012-02-14,45.07000,45.27999,44.79000,45.20001,23.09658,1462900
2012-02-15,45.40999,45.79000,45.27001,45.75000,23.37762,4105800
2012-02-16,46.46000,46.60001,44.44001,44.94000,22.96372,4316900
2012-02-17,45.08000,45.49000,42.79000,45.22001,23.10680,4309100
2012-02-21,45.31999,45.34999,44.43001,44.60999,22.79509,2126500
2012-02-22,44.48001,44.70999,44.02000,44.25000,22.61114,2300100
2012-02-23,44.15000,44.34000,43.98999,44.16000,22.56515,2813400
2012-02-24,44.43001,44.58001,44.05000,44.53001,22.75422,2269900
2012-02-27,44.04000,44.88000,44.04000,44.56001,22.76955,2086199
2012-02-28,44.84000,45.77000,44.63999,45.73000,23.36740,3718100
2012-02-29,45.51000,46.89000,45.43999,46.65001,23.83751,4024600
2012-03-01,46.61001,46.82999,46.02999,46.52000,23.77108,3068600
2012-03-02,46.56000,47.67000,46.41000,47.36001,24.20031,4659400
2012-03-05,47.17000,47.75000,47.03000,47.51999,24.28206,3058800
2012-03-06,47.11000,47.34001,46.30000,46.57001,23.79663,3153300
2012-03-07,46.62001,46.79999,46.23000,46.55000,23.78641,2347000
2012-03-08,46.66001,47.30000,46.66001,47.08000,24.05723,1741700
2012-03-09,47.25000,47.40001,47.01000,47.18000,24.10833,1715300
2012-03-12,46.76999,47.00000,46.21000,46.71001,23.86817,4013400
2012-03-13,46.91999,48.29999,46.74001,48.15001,24.60399,3708700
2012-03-14,47.98001,48.50000,47.74000,47.91000,24.48135,3254900
2012-03-15,47.96001,48.14001,47.36001,47.87000,24.46091,1870700
2012-03-16,47.64000,48.07001,47.06000,47.93000,24.49157,4160000
2012-03-19,47.78000,48.22999,47.73000,48.09001,24.57333,1351100
2012-03-20,47.79000,47.89000,47.15000,47.41999,24.23096,1846200
2012-03-21,47.56999,48.44000,47.50999,48.32999,24.69596,2329200
2012-03-22,48.10001,48.32999,47.77000,48.18001,24.61932,1860100
2012-03-23,48.15001,48.47000,47.64000,48.40000,24.73173,1670100
2012-03-26,48.70001,48.93001,48.53000,48.81001,24.94124,1968700
2012-03-27,48.93001,49.54001,48.75001,49.50001,25.29382,3657800
2012-03-28,49.39000,49.59999,49.17000,49.37000,25.22739,4641200
2012-03-29,49.23000,49.45001,48.77001,49.41000,25.24783,2813000
2012-03-30,50.23001,50.88000,49.74999,50.60000,25.85590,3935700
2012-04-02,50.47999,51.11001,50.42999,50.99001,26.05519,3005600
2012-04-03,50.89000,51.31000,50.66000,51.08001,26.10118,2598900
2012-04-04,50.32001,51.06001,49.81000,50.93001,26.02453,3289300
2012-04-05,50.95001,51.86999,50.69000,51.74001,26.43843,2902800
2012-04-09,50.58000,51.05001,50.49999,50.82000,25.96832,3987400
2012-04-10,50.75000,50.96001,49.61999,49.73999,25.41645,2651700
2012-04-11,50.36001,50.98001,50.36001,50.71000,25.91211,2385000
2012-04-12,50.91001,51.43000,50.69000,51.29000,26.20848,3115300
2012-04-13,51.35000,52.07000,51.20000,51.70001,26.41799,2991100
2012-04-16,52.03000,52.04000,51.51000,51.88999,26.51507,3286000
2012-04-17,52.24000,52.50001,51.88999,52.41001,26.78079,2934500
2012-04-18,52.11000,52.44001,51.95000,52.16000,26.65304,1899700
2012-04-19,52.26000,52.47001,51.74001,51.88999,26.51507,2642000
2012-04-20,52.00999,52.56999,51.75001,52.46001,26.80634,4138899
2012-04-23,51.99999,52.03000,51.18999,51.54000,26.33623,2329400
2012-04-24,51.66001,52.03000,51.30000,51.49000,26.31068,2374400
2012-04-25,51.91999,52.23000,51.67001,52.21000,26.67859,2793200
2012-04-26,51.99999,53.47000,51.99999,53.36999,27.27133,2426500
2012-04-27,53.77001,55.00000,53.54000,54.89000,28.04803,2603400
2012-04-30,54.94000,54.99000,54.11999,54.43000,27.81298,3099300
2012-05-01,54.61001,55.20000,54.00999,54.11999,27.65457,3782500
2012-05-02,53.97001,54.24000,53.89001,54.17000,27.68012,4150399
2012-05-03,54.24000,55.35001,54.10999,55.13000,28.17067,5924600
2012-05-04,55.02000,55.10000,53.43000,53.44000,27.30710,5022100
2012-05-07,53.44000,54.31000,53.13001,54.07999,27.63413,5039300
2012-05-08,53.22001,53.58000,50.20001,50.80000,25.95810,8795500
2012-05-09,50.40001,50.83000,49.01999,50.47000,25.78947,5657700
2012-05-10,50.94001,51.20000,50.30001,50.78000,25.94788,2910800
2012-05-11,50.53999,51.47000,50.40999,51.39000,26.25958,3373500
2012-05-14,50.85000,51.52000,50.58000,50.61000,25.86101,3467600
2012-05-15,50.55000,51.71001,50.55000,50.83000,25.97343,2125100
2012-05-16,51.05001,51.61000,50.97001,51.18999,26.15738,2720400
2012-05-17,51.20000,51.31000,49.08000,49.08000,25.07920,2559200
2012-05-18,49.19000,49.49001,48.25999,48.37000,24.71640,2659600
2012-05-21,48.52000,49.92000,48.24001,49.88000,25.48799,2138200
2012-05-22,49.89000,50.33001,49.26000,49.52001,25.30404,3695400
2012-05-23,49.34000,49.94000,48.52000,49.77999,25.43689,2631400
2012-05-24,50.00000,50.64000,49.83000,50.32001,25.71283,2250400
2012-05-25,50.42999,50.68000,50.11000,50.56000,25.83546,1335300
2012-05-29,50.80000,51.20000,50.47000,51.06001,26.09096,1351500
2012-05-30,50.62000,50.70000,50.09000,50.21001,25.65662,1948200
2012-05-31,50.30001,50.49999,49.59999,50.10000,25.60041,2804400
2012-06-01,49.70999,49.93000,48.56000,48.64000,24.85437,2755800
2012-06-04,48.82001,49.11000,48.25999,48.50000,24.78283,2404800
2012-06-05,48.49000,49.14000,48.00001,49.01999,25.04854,2062100
2012-06-06,49.26000,50.34001,49.12000,50.30001,25.70261,1753700
2012-06-07,50.87000,51.01001,50.36999,50.51999,25.81502,2320200
2012-06-08,50.32001,51.13999,50.13000,51.02001,26.07052,2323000
2012-06-11,51.57001,51.99999,51.32000,51.39000,26.25958,2883100
2012-06-12,51.51000,52.13000,51.34000,52.13000,26.63771,2310400
2012-06-13,51.83999,51.99999,50.09000,50.32001,25.71283,2904200
2012-06-14,50.48999,50.75000,49.65001,50.06000,25.57997,3753500
2012-06-15,50.42999,50.78000,50.07000,50.62000,25.86612,4713400
2012-06-18,50.30001,51.29000,50.21001,51.18999,26.15738,2814600
2012-06-19,51.59000,52.06000,51.36000,51.83999,26.48952,2469500
2012-06-20,51.69001,52.73000,51.61000,52.52001,26.83700,2340200
2012-06-21,52.62999,53.12001,52.07000,52.48001,26.81656,3612400
2012-06-22,52.60999,53.25001,52.58999,53.00000,27.08227,7530700
2012-06-25,52.45001,52.65999,51.81999,52.44001,26.79612,2379700
2012-06-26,52.81000,53.60000,52.58001,52.85000,27.00562,3925400
2012-06-27,53.06001,53.98001,52.94000,53.46000,27.31732,3206000
2012-06-28,53.22001,53.33001,52.16000,53.10000,27.13337,2497900
2012-06-29,53.99001,54.30000,53.63000,53.99999,27.59325,3429100
2012-07-02,54.19000,54.91000,54.01999,54.85999,28.03270,2022000
2012-07-03,54.93000,55.11000,54.35000,54.55001,27.87430,1249300
2012-07-05,54.52001,54.68001,53.54000,53.76000,27.47062,2834100
2012-07-06,53.33999,53.87001,52.47001,52.81000,26.98518,2675200
2012-07-09,52.65999,52.79000,51.09001,51.46000,26.29535,3809300
2012-07-10,51.88999,51.98000,49.99000,50.25001,25.67706,3907500
2012-07-11,50.29001,50.50999,49.45001,50.02000,25.55953,3518500
2012-07-12,49.76999,50.40001,48.59000,50.24001,25.67195,5023200
2012-07-13,49.35000,50.49999,49.35000,50.38999,25.74859,2842000
2012-07-16,50.13000,50.36001,49.33000,49.39000,25.23761,3056800
2012-07-17,49.59001,50.87000,49.44001,50.64000,25.87634,3176800
2012-07-18,50.61000,50.74000,50.24001,50.49999,25.80480,2532200
2012-07-19,50.52999,51.62000,50.52999,51.04001,26.08074,2046200
2012-07-20,50.98001,50.98001,49.98000,50.12000,25.61063,2570700
2012-07-23,49.50001,49.54001,48.81001,49.26000,25.17118,1911000
2012-07-24,49.22000,49.59999,48.70001,49.10000,25.08942,2454300
2012-07-25,49.11000,49.87000,49.10000,49.39000,25.23761,2465400
2012-07-26,50.31001,50.72000,49.77999,50.49999,25.80480,2003800
2012-07-27,50.90000,52.18000,50.81000,52.01999,26.58150,2692400
2012-07-30,51.83999,51.99000,50.61000,50.93001,26.02453,3916300
2012-07-31,49.90000,51.53000,48.88001,50.63000,25.87123,6546400
2012-08-01,49.74999,50.42999,48.95001,49.30000,25.19162,5190400
2012-08-02,48.93999,50.28001,48.75001,50.25001,25.67706,3548200
2012-08-03,51.15999,52.47001,50.80000,52.31001,26.72969,2828300
2012-08-06,52.36000,53.42000,51.90999,53.09001,27.12826,2479900
2012-08-07,53.13001,54.32000,53.13001,53.87001,27.52683,2970100
2012-08-08,53.56000,54.01999,53.39999,53.97001,27.57793,1949800
2012-08-09,53.89001,54.56001,53.60000,53.91001,27.54727,2784600
2012-08-10,53.82001,54.60001,53.82001,54.58001,27.88963,2119400
2012-08-13,54.38000,54.50000,53.88001,54.11999,27.65457,2053100
2012-08-14,54.35000,54.44000,52.98000,53.13001,27.14870,3102800
2012-08-15,52.98000,53.70000,52.98000,53.20001,27.18447,1899300
2012-08-16,53.04001,53.31001,52.91000,53.03001,27.09760,2383600
2012-08-17,53.09001,53.17001,52.32001,52.74000,26.94941,3089300
2012-08-20,52.86000,52.97000,52.17000,52.40001,26.77568,2173200
2012-08-21,52.61999,52.85000,52.40001,52.76000,26.95963,3167200
2012-08-22,52.72000,53.12001,52.58999,52.83000,26.99540,1480900
2012-08-23,52.75000,52.75000,52.25000,52.52999,26.84210,1533100
2012-08-24,52.35000,53.61000,52.13000,53.33001,27.25090,2651100
2012-08-27,53.41000,53.96001,53.33999,53.68000,27.42974,2243300
2012-08-28,53.43000,53.92001,53.36999,53.55000,27.36331,1596500
2012-08-29,53.73000,53.90001,53.50000,53.86001,27.52172,1616100
2012-08-30,53.45000,54.72999,53.45000,54.18000,27.68523,3878200
2012-08-31,54.42000,55.11000,54.35000,54.83999,28.02248,2726700
2012-09-04,54.56001,55.58999,54.56001,55.28001,28.24732,2562700
2012-09-05,55.21000,55.56999,54.97000,55.25001,28.23199,3867800
2012-09-06,55.70000,56.39000,55.55000,56.18999,28.71231,3033200
2012-09-07,56.41000,56.50000,55.98000,56.42000,28.82984,1614700
2012-09-10,56.54000,56.56000,56.20001,56.22999,28.73275,1891400
2012-09-11,56.40000,56.42000,55.94000,56.02001,28.62545,1960900
2012-09-12,56.20999,56.68000,56.14001,56.65001,28.94737,1818200
2012-09-13,56.53000,58.43999,56.53000,58.15001,29.71385,3754300
2012-09-14,58.15001,59.00001,58.01000,58.75000,30.02044,2880700
2012-09-17,58.82000,59.00001,58.14001,58.58000,29.93357,1612200
2012-09-18,58.68000,58.81000,58.33001,58.51000,29.89780,1626300
2012-09-19,58.34001,59.75999,58.26001,59.44000,30.37302,1944100
2012-09-20,59.31000,59.68001,58.97001,59.58000,30.44456,1993800
2012-09-21,59.95999,60.48001,59.75001,59.89999,30.60807,4292300
2012-09-24,59.52000,59.88000,59.23000,59.24000,30.27082,2343700
2012-09-25,59.59001,59.73001,58.40001,58.44999,29.86714,2998500
2012-09-26,58.72000,58.95001,57.91000,58.28001,29.78028,2955700
2012-09-27,58.66000,59.63001,58.28001,59.49000,30.39857,3453700
2012-09-28,59.17999,59.81999,59.01001,59.60001,30.45478,3291500
2012-10-01,60.19000,60.45001,59.77999,59.94999,30.63362,3062900
2012-10-02,60.35001,60.47001,59.48000,59.81999,30.56719,1778700
2012-10-03,59.93999,60.39001,59.91999,60.18000,30.75115,1531000
2012-10-04,60.50001,61.07001,60.38001,61.06001,31.20082,1645600
2012-10-05,61.50000,61.56000,61.03000,61.24999,31.29790,1546200
2012-10-08,61.15001,61.30999,60.28000,60.65999,30.99642,1493200
2012-10-09,60.72000,60.73000,59.57000,59.69001,30.50077,1993600
2012-10-10,59.92999,60.07000,59.51000,59.90999,30.61318,1248600
2012-10-11,60.05000,61.11001,59.83999,60.47001,30.89934,2357000
2012-10-12,60.84000,61.05000,60.43001,60.74000,31.03730,1728800
2012-10-15,60.76000,61.57000,60.62000,61.53000,31.44098,1488500
2012-10-16,61.99001,62.36000,61.59000,61.87001,31.61472,1871100
2012-10-17,62.29000,62.33000,61.21001,61.24001,31.29280,1780900
2012-10-18,61.24999,61.89001,60.81000,61.77000,31.56362,1819200
2012-10-19,61.57000,61.88001,60.14000,60.44001,30.88401,1927400
2012-10-22,60.39001,60.98001,60.29000,60.75000,31.04241,1085000
2012-10-23,60.26000,60.28000,59.42000,59.50000,30.40368,3173100
2012-10-24,59.65001,59.72001,58.94001,59.04999,30.17373,1725500
2012-10-25,59.56000,59.91999,58.56000,58.76000,30.02555,1566200
2012-10-26,58.50000,58.93001,57.93000,58.19000,29.73429,2070500
2012-10-31,58.79000,59.10999,58.19000,59.02001,30.15841,2206100
2012-11-01,59.60001,61.32999,59.31000,61.25999,31.30301,3916300
2012-11-02,61.40999,61.61000,59.83999,59.88000,30.59785,3005600
2012-11-05,59.88999,60.25000,58.84000,59.45000,30.37813,2823400
2012-11-06,58.22001,58.24001,56.24999,57.46001,29.36127,9227300
2012-11-07,57.10000,57.24000,56.00001,56.79001,29.01891,4462500
2012-11-08,56.66000,56.93999,55.50999,55.60999,28.41594,4121100
2012-11-09,55.41999,56.96999,55.33001,56.45000,28.84517,3409900
2012-11-12,56.51000,56.65001,55.72000,56.07001,28.65100,2232700
2012-11-13,55.86000,57.36000,55.75000,56.77001,29.00869,1954100
2012-11-14,56.84001,57.06000,55.10000,55.21000,28.21155,2344500
2012-11-15,55.29001,55.80000,55.12000,55.28001,28.24732,2345700
2012-11-16,55.25001,55.75000,54.89000,55.18000,28.19622,3127900
2012-11-19,55.83000,56.90001,55.41999,56.86999,29.05978,2829800
2012-11-20,56.74001,57.71999,56.59000,57.51001,29.38682,2279500
2012-11-21,57.51001,57.82000,57.01000,57.38001,29.32039,1479900
2012-11-23,57.61001,58.23001,57.42001,58.20001,29.73940,883800
2012-11-26,57.83000,58.20001,57.40001,57.88000,29.57588,2116700
2012-11-27,57.73999,58.42999,57.63001,57.69999,29.48390,1791000
2012-11-28,57.53001,59.04999,57.16000,58.97001,30.13286,2082199
2012-11-29,59.02001,59.74001,58.94001,59.56000,30.43434,2403600
2012-11-30,59.81999,60.78000,59.55000,60.41001,30.86868,3625000
2012-12-03,60.50001,60.80000,59.89999,59.94999,30.63362,2213600
2012-12-04,60.07000,60.82000,60.04000,60.50999,30.91977,3169600
2012-12-05,60.52001,63.20001,59.85999,61.74001,31.54829,4382500
2012-12-06,61.55000,61.97001,61.10001,61.84001,31.59939,2251300
2012-12-07,62.01999,62.39000,60.85000,61.09001,31.21615,3168400
2012-12-10,61.06001,61.06001,60.40001,60.52001,30.92489,2843700
2012-12-11,60.68999,61.55000,60.58999,61.51000,31.43076,2907300
2012-12-12,61.82001,62.18000,61.09001,61.49000,31.42054,2095199
2012-12-13,61.45000,61.73001,60.19000,60.26000,30.79203,2107500
2012-12-14,60.00000,61.40999,59.99000,60.82000,31.07818,3144900
2012-12-17,61.24999,62.44000,61.05000,62.21000,31.78845,4103000
2012-12-18,62.43000,64.20999,61.99001,63.61000,32.50383,3309700
2012-12-19,63.48999,63.49999,62.75999,62.80999,32.09504,2751700
2012-12-20,63.08000,64.50000,62.64001,63.48999,32.44251,3640200
2012-12-21,63.19000,63.50999,61.99999,63.15000,32.26878,13886900
2012-12-24,62.97000,63.47999,62.74999,63.21000,32.29944,759700
2012-12-26,63.20001,63.65000,62.50001,62.93999,32.16147,1283600
2012-12-27,63.01000,63.19000,61.46000,62.38000,31.87532,2414000
2012-12-28,62.04999,62.47001,61.76000,61.89001,31.62494,1501800
2012-12-31,61.99999,63.64000,61.79000,63.47999,32.43740,2092400
2013-01-02,65.03999,66.51000,64.44000,65.48001,33.45938,3077200
2013-01-03,65.58999,65.80999,65.05999,65.53001,33.48493,2030200
2013-01-04,65.73000,66.16001,65.49001,66.08000,33.76597,1715900
2013-01-07,65.99000,66.20001,65.55999,65.92000,33.68421,1926100
2013-01-08,65.67000,67.87002,65.33000,67.84999,34.67041,3552200
2013-01-09,67.71001,68.44001,67.19000,67.76001,34.62443,2528200
2013-01-10,67.90000,68.21000,67.01999,67.39000,34.43536,2098900
2013-01-11,67.69001,68.33001,67.34000,68.16000,34.82882,3667600
2013-01-14,68.06000,68.31001,67.19999,67.80001,34.64487,2157600
2013-01-15,67.50000,67.77999,66.90000,67.08999,34.28206,2718100
2013-01-16,66.51000,67.30000,66.41001,66.93001,34.20031,3050400
2013-01-17,67.00001,67.60001,66.57000,67.35000,34.41492,2107500
2013-01-18,67.36000,67.75001,66.98001,67.72001,34.60399,2130800
2013-01-22,67.83999,68.00000,67.31000,67.76999,34.62953,1240300
2013-01-23,67.52000,68.19000,67.52000,68.18000,34.83904,1628800
2013-01-24,68.31001,69.23999,68.11000,68.28001,34.89014,1737800
2013-01-25,68.37001,69.08001,68.22001,69.00000,35.25805,1776000
2013-01-28,69.32999,69.32999,68.58999,68.82000,35.16607,2020200
2013-01-29,68.52999,68.85000,67.54000,68.61999,35.06387,2243300
2013-01-30,68.85000,69.15001,68.30001,68.84000,35.17629,1549200
2013-01-31,68.74000,69.64000,68.24001,69.38000,35.45222,2797700
2013-02-01,69.82001,70.37000,69.56000,70.31000,35.92744,2062900
2013-02-04,70.04000,70.23000,69.19001,69.51000,35.51865,2093600
2013-02-05,70.22000,70.34000,69.62000,70.30000,35.92233,1489300
2013-02-06,70.18000,70.37000,69.55000,70.00000,35.76903,3489900
2013-02-07,69.48000,70.68001,69.32999,70.62001,36.08585,3282700
2013-02-08,70.82000,71.52999,70.77999,71.46999,36.52018,2733000
2013-02-11,71.44999,72.09999,70.61001,70.95000,36.25447,2769500
2013-02-12,71.12000,71.12000,70.60001,71.03000,36.29535,2396300
2013-02-13,71.33999,72.04001,70.86999,71.52000,36.54573,3798700
2013-02-14,68.65000,71.29001,67.88999,70.84000,36.19826,4854700
2013-02-15,71.16000,71.29001,69.61001,70.30000,35.92233,3551400
2013-02-19,70.55001,70.65001,69.87001,70.62999,36.09095,1833100
2013-02-20,70.75999,71.16000,69.61001,69.67000,35.60041,1950500
2013-02-21,69.63000,69.81001,68.57999,68.71000,35.10986,2795800
2013-02-22,69.87999,70.52001,68.82000,70.47001,36.00920,2414500
2013-02-25,70.93000,71.04000,69.90001,69.90001,35.71794,2371300
2013-02-26,70.04000,71.01000,69.79001,70.96000,36.25958,3128700
2013-02-27,70.93000,73.40001,70.84999,73.31000,37.46040,2954300
2013-02-28,73.21000,73.69000,73.04000,73.34001,37.47573,2686400
2013-03-01,72.92999,74.98999,72.80001,74.88001,38.26265,3269000
2013-03-04,74.86001,75.68001,74.55000,75.59001,38.62545,2747800
2013-03-05,76.04000,76.62000,75.77999,76.60000,39.14154,3150800
2013-03-06,76.74000,77.29000,74.96001,75.35000,38.50281,4984900
2013-03-07,75.31000,77.23999,75.31000,77.16001,39.42770,6440300
2013-03-08,77.40000,78.41000,77.26999,77.90001,39.80583,3033500
2013-03-11,77.86001,78.08999,77.52000,77.80001,39.75473,2687000
2013-03-12,77.80001,78.08000,77.16999,77.91001,39.81094,2140200
2013-03-13,78.12000,78.34000,77.50000,78.28000,40.00000,1872500
2013-03-14,78.35000,79.08000,78.35000,78.71999,40.22483,1842900
2013-03-15,78.33000,78.66001,77.24999,77.31999,39.50945,6694700
2013-03-18,76.60999,77.67001,75.67001,77.41000,39.55544,3323800
2013-03-19,77.73001,78.08999,76.85000,77.78001,39.74451,2916300
2013-03-20,78.43000,79.41999,78.39000,78.96000,40.34747,3187000
2013-03-21,78.51001,78.99000,77.74001,78.41000,40.06643,2665600
2013-03-22,77.26999,79.15001,77.26999,79.13001,40.43434,2521600
2013-03-25,79.56999,80.34000,78.54000,79.07000,40.40368,2908100
2013-03-26,79.22001,79.58000,78.58999,79.52999,40.63873,3249800
2013-03-27,78.85000,79.12000,77.59000,78.58999,40.15840,2872900
2013-03-28,78.54000,79.36001,78.47001,78.73999,40.23505,2688100
2013-04-01,79.07000,79.44001,77.80001,77.98001,39.84671,3546900
2013-04-02,78.59999,79.15001,78.25000,78.69001,40.20951,2431200
2013-04-03,78.65001,78.65001,77.59000,78.04000,39.87736,2449200
2013-04-04,78.15000,78.15000,76.94001,77.68000,39.69341,3667600
2013-04-05,76.72000,78.70000,76.39001,78.55999,40.14307,2126500
2013-04-08,78.66999,79.14000,78.11000,78.88000,40.30659,2345100
2013-04-09,78.93000,79.15001,78.14000,78.59999,40.16351,2201800
2013-04-10,79.03000,80.51000,78.75999,80.44000,41.10373,2256400
2013-04-11,80.56001,81.43001,80.39000,80.71001,41.24170,2352900
2013-04-12,80.55000,81.12000,80.18999,81.02999,41.40521,1468900
2013-04-15,80.42000,80.72001,78.83000,78.83000,40.28104,2130200
2013-04-16,79.36001,79.63000,78.90000,79.38999,40.56719,2596700
2013-04-17,78.90000,79.19001,77.82001,78.31000,40.01533,3355700
2013-04-18,78.42001,78.51999,76.33000,76.64000,39.16198,3620100
2013-04-19,76.98001,77.95999,76.26001,77.85001,39.78028,5848700
2013-04-22,77.98001,78.48001,77.35000,78.22000,39.96934,2369300
2013-04-23,78.65001,79.08000,77.79000,78.98000,40.35769,2740400
2013-04-24,79.22001,79.44001,78.77000,79.15001,40.44456,2375400
2013-04-25,79.33999,80.00001,78.66001,79.89000,40.82269,2455100
2013-04-26,79.72000,79.87000,79.17001,79.21001,40.47522,1393000
2013-04-29,79.11001,79.33001,78.62999,78.83000,40.28104,2442100
2013-04-30,79.14000,79.77001,78.73001,78.81999,40.27593,3536300
2013-05-01,78.70000,78.93000,78.08000,78.14000,39.92846,2423200
2013-05-02,78.35000,79.94001,78.18000,79.48999,40.61829,2828500
2013-05-03,80.39000,80.44000,79.16000,79.21001,40.47522,2298500
2013-05-06,79.00000,79.38999,78.53001,79.02001,40.37813,3604600
2013-05-07,77.30002,78.39000,75.67001,77.87001,39.79050,6193100
2013-05-08,77.99999,78.19000,76.48999,76.94001,39.31528,3477600
2013-05-09,77.02000,77.81000,76.75000,77.66000,39.68319,2941800
2013-05-10,77.86001,78.71999,77.54000,78.68000,40.20439,2572900
2013-05-13,78.51001,78.51001,77.33000,77.58000,39.64231,2359600
2013-05-14,77.63000,78.62001,77.63000,78.32000,40.02044,2503200
2013-05-15,78.27000,79.41001,78.06999,79.34999,40.54675,2745100
2013-05-16,78.99000,79.67000,78.57001,78.79000,40.26060,3687400
2013-05-17,79.17001,79.30001,78.25000,78.85000,40.29126,2595800
2013-05-20,78.77999,80.00001,78.28000,78.84000,40.28615,3852400
2013-05-21,78.71999,80.27999,78.71999,80.00001,40.87890,2460100
2013-05-22,79.74000,80.11001,78.73999,79.15001,40.44456,2643900
2013-05-23,78.61001,79.89000,78.04999,79.78000,40.76648,2394200
2013-05-24,79.04000,79.70000,78.75000,79.52999,40.63873,1506700
2013-05-28,80.04001,80.97000,80.01999,80.80001,41.28769,1935300
2013-05-29,80.16999,80.47000,78.89000,79.30001,40.52121,2210400
2013-05-30,79.50000,80.57000,79.18000,79.89000,40.82269,1866600
2013-05-31,79.44001,80.05001,78.75999,78.87000,40.30148,2924000
2013-06-03,78.79999,79.10000,78.11000,79.01000,40.37302,2902400
2013-06-04,79.05000,79.66000,78.26000,78.69001,40.20951,2331000
2013-06-05,78.77000,78.77000,75.23000,75.87999,38.77363,4380700
2013-06-06,75.67001,75.87999,74.15001,75.01999,38.33418,4559800
2013-06-07,75.45000,76.47001,74.97001,76.39001,39.03424,2657400
2013-06-10,76.33000,76.33000,74.12000,74.35000,37.99182,2930000
2013-06-11,73.30001,74.25001,72.76999,73.87000,37.74655,4516200
2013-06-12,74.25001,74.31999,73.09000,73.56999,37.59325,3443000
2013-06-13,73.81000,76.17001,73.20000,76.06000,38.86561,3250000
2013-06-14,75.83999,76.85000,75.60001,76.37999,39.02912,4470400
2013-06-17,77.30002,77.44000,76.51999,77.05001,39.37149,2791100
2013-06-18,77.40000,78.22000,77.23999,77.85001,39.78028,1772100
2013-06-19,77.64000,78.30000,76.49999,76.52999,39.10577,1954700
2013-06-20,75.63001,75.81000,74.09001,74.57000,38.10424,2946300
2013-06-21,75.15999,75.62001,74.19999,75.42001,38.53858,3739000
2013-06-24,74.88001,75.60001,74.13001,75.14000,38.39550,2061300
2013-06-25,75.73999,75.87000,74.78001,75.46001,38.55902,1957800
2013-06-26,76.04000,76.20000,75.40000,75.72001,38.69188,1483800
2013-06-27,76.04000,77.04000,75.96000,76.67999,39.18242,1531500
2013-06-28,76.18000,77.89001,76.02000,77.23999,39.46857,2490900
2013-07-01,77.60000,78.47001,77.54000,77.79000,39.74962,1391000
2013-07-02,77.62000,78.70999,77.37000,78.51001,40.11753,1617900
2013-07-03,77.77000,80.91999,77.77000,80.63001,41.20082,2429600
2013-07-05,81.27001,81.47001,80.69001,81.12000,41.45120,2081900
2013-07-08,81.20000,82.09001,80.98000,82.02001,41.91109,2316500
2013-07-09,82.81001,83.14999,81.59999,81.91000,41.85488,1924700
2013-07-10,81.81000,82.87000,81.55999,82.86001,42.34032,1574400
2013-07-11,83.99000,84.58999,83.68001,84.49000,43.17322,2384000
2013-07-12,82.95999,85.08999,82.61000,85.07001,43.46960,2567600
2013-07-15,86.32000,86.32000,84.21001,84.44001,43.14768,2251700
2013-07-16,84.76000,85.35999,84.22000,84.33001,43.09147,1697700
2013-07-17,85.35000,85.61000,84.12001,84.68000,43.27031,1236800
2013-07-18,84.85001,85.71001,84.68000,85.49000,43.68421,1660100
2013-07-19,85.94002,85.94002,83.80001,84.31001,43.08125,2669900
2013-07-22,85.70000,85.71001,84.20000,84.37001,43.11191,1236200
2013-07-23,84.71000,85.44000,84.33999,85.01000,43.43894,1296100
2013-07-24,89.58001,89.58001,84.10001,84.62999,43.24476,1221600
2013-07-25,84.62000,85.56000,84.32001,85.08001,43.47471,1388700
2013-07-26,84.20000,85.39000,83.62000,85.06001,43.46449,1310400
2013-07-29,84.76000,85.46000,84.18000,84.41001,43.13235,1489700
2013-07-30,83.48001,83.53000,80.52001,81.00000,41.38988,4157500
2013-07-31,81.73000,81.73000,79.10000,79.72000,40.73582,3822600
2013-08-01,80.45000,82.10000,80.00001,81.92000,41.85999,2876200
2013-08-02,81.16000,82.25001,81.10000,82.19001,41.99796,1957000
2013-08-05,82.44000,83.12000,82.15001,82.43000,42.12059,1359700
2013-08-06,81.90000,83.01001,81.90000,82.59000,42.20235,1821200
2013-08-07,82.19001,83.14000,82.06001,82.73001,42.27389,2046400
2013-08-08,83.05001,83.49000,82.53000,82.93001,42.37609,1641700
2013-08-09,82.54000,83.35000,82.54000,83.12999,42.47828,1138000
2013-08-12,82.33001,83.33000,82.25001,82.84001,42.33010,1155800
2013-08-13,82.99999,83.65001,82.57000,83.49000,42.66224,1177900
2013-08-14,83.24000,83.36000,82.62000,82.84001,42.33010,1924900
2013-08-15,82.26001,82.37000,80.25000,80.35000,41.05774,2313600
2013-08-16,80.48000,81.41000,80.31000,80.34000,41.05263,2114300
2013-08-19,80.23000,81.04999,80.00001,80.22000,40.99131,1011200
2013-08-20,80.20000,80.81999,79.96001,80.01999,40.88911,1282800
2013-08-21,79.41001,80.42000,79.17001,79.43000,40.58763,1493200
2013-08-22,79.45999,80.76001,79.15001,80.29999,41.03219,1306500
2013-08-23,80.44000,80.76001,79.68000,80.56001,41.16505,1637400
2013-08-26,84.71000,84.71000,80.41000,80.49000,41.12928,1586700
2013-08-27,79.58000,79.91000,78.25000,78.28000,40.00000,1433500
2013-08-28,78.51001,78.91000,77.53000,78.19000,39.95401,1354600
2013-08-29,77.78001,78.77000,77.54000,78.02999,39.87225,1154000
2013-08-30,78.10000,78.51999,76.98001,77.51000,39.60654,1631400
2013-09-03,78.73001,79.29001,76.89000,77.33999,39.51967,3095000
2013-09-04,76.33998,77.46000,76.33998,76.92001,39.30506,5123600
2013-09-05,76.73000,77.98001,76.67999,77.59000,39.64742,1898700
2013-09-06,77.67001,78.40001,76.60000,77.55000,39.62698,1979700
2013-09-09,77.93000,78.81000,77.72000,78.46001,40.09198,1905700
2013-09-10,78.66999,79.03000,77.77000,77.94001,39.82627,1961500
2013-09-11,77.76001,78.55999,77.76001,78.29000,40.00511,2234900
2013-09-12,78.41000,78.63999,77.78001,78.04000,39.87736,2160900
2013-09-13,78.20000,78.24000,77.38000,77.83001,39.77006,3305200
2013-09-16,79.03000,79.30001,78.42001,78.65001,40.18907,1700600
2013-09-17,78.65001,79.66000,78.49001,79.48999,40.61829,2062300
2013-09-18,79.21001,80.67001,78.45000,80.44000,41.10373,1726100
2013-09-19,80.75001,82.14000,80.56001,81.75999,41.77823,2231600
2013-09-20,82.09001,82.62000,81.16000,81.80000,41.79867,7322100
2013-09-23,81.40001,81.75000,80.40000,80.58000,41.17527,1791200
2013-09-24,80.54001,80.70001,79.70000,80.35000,41.05774,1843500
2013-09-25,80.34000,81.33000,80.14999,80.97000,41.37455,2307700
2013-09-26,80.91999,84.01000,80.83999,83.99000,42.91773,3446300
2013-09-27,83.43000,85.73001,83.03999,84.84000,43.35207,3218300
2013-09-30,84.03000,84.69000,83.83999,84.41999,43.13745,2605400
2013-10-01,84.05000,84.37001,82.74000,83.23000,42.52938,3227100
2013-10-02,82.87000,82.88001,82.16001,82.52000,42.16658,2128800
2013-10-03,82.16001,82.62000,80.95999,81.24000,41.51252,2019400
2013-10-04,81.31001,81.56999,80.55000,81.27001,41.52785,2040800
2013-10-07,80.40000,80.77999,79.68000,79.77001,40.76137,2069100
2013-10-08,79.84000,79.95001,78.19000,78.23000,39.97445,2325500
2013-10-09,78.37000,78.63999,77.26999,77.93000,39.82115,2094400
2013-10-10,78.70999,80.14999,78.10000,80.14999,40.95554,1824900
2013-10-11,79.52999,80.79001,79.41001,80.54001,41.15483,1366400
2013-10-14,80.29000,80.31000,79.56999,80.16001,40.96066,1335500
2013-10-15,79.83000,80.09999,78.77999,79.12000,40.42923,1470700
2013-10-16,79.89000,81.38001,79.45999,80.77999,41.27746,2439400
2013-10-17,80.56001,81.43001,80.29999,81.37000,41.57895,1571900
2013-10-18,81.79000,82.51000,81.35000,82.47000,42.14103,1288700
2013-10-21,82.46000,82.82001,82.12000,82.81001,42.31477,1387100
2013-10-22,83.18000,85.33999,82.84001,85.01000,43.43894,2736700
2013-10-23,84.62999,85.10001,83.70999,84.49999,43.17833,1880500
2013-10-24,85.10001,85.80999,84.60000,84.95000,43.40828,2520400
2013-10-25,85.88999,85.88999,84.69000,85.66000,43.77108,2065000
2013-10-28,85.76998,86.05000,85.16001,85.40000,43.63822,2457000
2013-10-29,85.46000,85.97000,84.82000,85.40000,43.63822,2242300
2013-10-30,85.71001,86.29000,83.51000,84.36001,43.10680,3269600
2013-10-31,85.83001,89.10000,84.97000,88.86000,45.40623,5369800
2013-11-01,89.06000,89.30000,87.74000,87.80000,44.86459,4058600
2013-11-04,87.89001,88.18000,85.94999,87.07000,44.49157,2852500
2013-11-05,86.89000,87.37001,86.03000,86.90000,44.40470,2532200
2013-11-06,86.90000,87.72000,85.47000,85.65000,43.76597,2068900
2013-11-07,85.72000,86.10999,83.87000,84.19001,43.01993,3326100
2013-11-08,84.39001,85.65000,83.73001,85.35999,43.61778,2405200
2013-11-11,85.19001,85.83001,84.49999,84.58999,43.22432,1069300
2013-11-12,84.56999,84.99000,84.06000,84.41001,43.13235,1737000
2013-11-13,84.19001,85.56000,83.60001,85.55000,43.71487,1390600
2013-11-14,85.84999,86.46001,85.44000,85.83001,43.85795,1400200
2013-11-15,85.87001,86.25000,85.39000,85.43000,43.65355,1684400
2013-11-18,86.27000,86.34000,85.11001,85.42000,43.64844,1695300
2013-11-19,85.11001,85.84999,84.77000,85.23001,43.55136,1618400
2013-11-20,85.07001,85.90001,84.40001,85.23001,43.55136,6030700
2013-11-21,85.54000,85.60001,84.84000,85.24000,43.55646,2440000
2013-11-22,85.53000,86.10999,85.08999,85.87001,43.87839,2900900
2013-11-25,86.46001,86.49001,85.35999,85.70000,43.79152,1380700
2013-11-26,85.53000,87.12001,85.24000,86.55999,44.23096,3325100
2013-11-27,86.99000,87.49000,86.43000,86.91000,44.40981,1315900
2013-11-29,87.19001,88.22999,86.39001,87.26999,44.59376,1399600
2013-12-02,86.34000,87.08001,85.91999,86.21000,44.05212,1935900
2013-12-03,85.91001,86.49001,84.84000,85.41000,43.64333,2414900
2013-12-04,84.78000,85.37000,83.66001,84.18000,43.01482,2764700
2013-12-05,84.18000,84.82000,83.52001,83.99000,42.91773,2148600
2013-12-06,85.08999,85.15001,84.16000,85.06001,43.46449,2273300
2013-12-09,85.48000,85.72000,83.69001,85.41000,43.64333,3360200
2013-12-10,85.28000,86.23000,84.75000,85.16999,43.52069,1744900
2013-12-11,86.01999,86.87000,84.29001,84.53000,43.19366,3030000
2013-12-12,84.27001,84.44999,82.88001,82.94001,42.38120,2005700
2013-12-13,81.68999,83.55001,81.68999,82.45000,42.13081,1823100
2013-12-16,83.23000,84.53000,82.82001,84.04000,42.94328,2306500
2013-12-17,83.80999,83.89999,82.93001,83.70999,42.77465,1746600
2013-12-18,83.68001,86.46001,83.66999,86.29000,44.09300,2812800
2013-12-19,85.82001,86.70000,85.60001,86.32000,44.10833,2269100
2013-12-20,86.66999,88.50000,86.03000,87.75000,44.83904,5159600
2013-12-23,87.98001,88.75001,87.96001,88.42000,45.18140,1896900
2013-12-24,88.22000,89.15000,88.14999,88.87001,45.41135,767900
2013-12-26,88.91001,89.12000,87.97001,88.69001,45.31937,1811000
2013-12-27,89.00000,89.26000,88.56001,88.95000,45.45222,1139400
2013-12-30,89.00000,90.55000,88.84000,90.45999,46.22381,1452300
2013-12-31,90.76000,90.76000,89.59999,90.41999,46.20337,1602400
2014-01-02,90.20999,90.24999,88.60001,89.10000,45.52887,1748600
2014-01-03,89.10000,89.76000,88.47000,88.58001,45.26316,1592600
2014-01-06,88.95999,89.00000,87.18000,87.47000,44.69596,2023700
2014-01-07,86.96000,87.63000,86.61001,86.94000,44.42514,2291300
2014-01-08,87.00000,87.65000,84.23001,84.60999,43.23454,4981000
2014-01-09,85.04001,85.11001,83.60001,84.73000,43.29586,2512600
2014-01-10,85.01000,85.17999,83.62000,84.02000,42.93306,2575400
2014-01-13,83.52001,84.08000,81.27001,81.44001,41.61472,2770900
2014-01-14,81.44001,82.98999,81.41000,82.64000,42.22790,3056800
2014-01-15,83.14000,83.14000,82.26999,82.67000,42.24323,2006700
2014-01-16,82.74000,83.31000,81.77999,82.02001,41.91109,2885600
2014-01-17,81.70000,82.39999,80.55000,80.91001,41.34390,2966600
2014-01-21,81.46001,81.46001,79.95001,80.60000,41.18549,3275800
2014-01-22,80.64000,81.09000,80.16999,80.48000,41.12417,4008100
2014-01-23,79.85000,80.27000,79.20001,80.08001,40.91978,4795200
2014-01-24,79.97001,79.97001,78.99000,78.99000,40.36280,4691900
2014-01-27,79.04000,79.38999,76.80000,77.30002,39.49924,4707000
2014-01-28,77.16001,78.17000,77.14001,77.95999,39.83648,3361700
2014-01-29,77.20999,78.79000,76.69000,78.37000,40.04599,5130900
2014-01-30,78.91000,81.82000,78.28000,80.33000,41.04752,5302900
2014-01-31,79.26999,80.91001,79.06000,79.78000,40.76648,3431000
2014-02-03,78.37000,80.18000,77.74001,78.04000,39.87736,3985800
2014-02-04,78.12000,79.26999,77.31000,78.02999,39.87225,2416300
2014-02-05,77.31999,79.95001,77.14001,79.38999,40.56719,3998700
2014-02-06,79.87000,82.26001,79.05000,81.94000,41.87021,4277200
2014-02-07,82.15001,83.14999,81.87000,82.76000,42.28922,3061300
2014-02-10,82.56000,82.86001,82.22001,82.37999,42.09504,3026900
2014-02-11,82.03000,83.97000,82.03000,82.77001,42.29433,2565800
2014-02-12,83.83000,83.83000,82.15001,82.86001,42.34032,3551600
2014-02-13,78.83000,81.00000,78.45000,79.30001,40.52121,7342900
2014-02-14,79.54000,81.64000,79.00000,80.83001,41.30302,3867800
2014-02-18,81.02999,81.62999,80.05999,80.33000,41.04752,4026500
2014-02-19,80.33000,82.29001,80.14999,81.14000,41.46142,2715900
2014-02-20,81.34001,82.63000,81.34001,82.43000,42.12059,2598500
2014-02-21,82.58000,83.02999,81.64000,82.81001,42.31477,2614600
2014-02-24,82.81001,83.37000,82.41999,82.46000,42.13592,2941600
2014-02-25,82.35999,82.80001,80.34000,81.68000,41.73735,2401000
2014-02-26,81.64999,82.88001,80.48000,81.35000,41.56873,3418900
2014-02-27,81.06000,82.16001,81.06000,82.13001,41.96730,2051500
2014-02-28,82.73001,84.13000,81.32000,83.32000,42.57537,3087400
2014-03-03,82.94999,83.08999,81.56999,82.08001,41.94175,1850900
2014-03-04,82.88001,84.33001,82.65000,83.97000,42.90751,3183500
2014-03-05,84.33999,84.79000,83.87000,84.72000,43.29075,2649800
2014-03-06,84.97000,86.36000,84.71000,85.97000,43.92948,3108900
2014-03-07,86.19000,86.23000,85.15001,85.52000,43.69954,1691200
2014-03-10,85.37999,86.36000,85.28999,85.65000,43.76597,1807100
2014-03-11,85.62001,85.94002,84.35001,84.64999,43.25498,1622400
2014-03-12,84.11000,85.00001,83.85999,84.89000,43.37762,1929200
2014-03-13,85.31999,85.90001,83.98000,84.09000,42.96883,2384600
2014-03-14,83.92000,84.62999,82.84001,83.16000,42.49361,2420400
2014-03-17,82.57000,83.53000,82.57000,83.10000,42.46295,3009100
2014-03-18,83.42000,83.80999,82.89001,83.69999,42.76954,2878400
2014-03-19,83.76001,83.91000,83.50001,83.69999,42.76954,2386400
2014-03-20,83.10999,84.20000,82.77001,83.69001,42.76444,2246800
2014-03-21,86.10999,86.10999,82.74000,84.51999,43.18855,4337700
2014-03-24,84.36001,84.43001,82.78000,83.16999,42.49872,2615300
2014-03-25,83.22000,83.92000,82.52000,83.01999,42.42207,3136700
2014-03-26,83.87000,83.87000,82.47000,82.48000,42.14614,2641000
2014-03-27,82.08001,82.45000,81.23000,81.75999,41.77823,2957000
2014-03-28,81.88000,82.57000,81.64999,82.33999,42.07460,2135900
2014-03-31,82.94999,83.38000,82.31999,82.70000,42.25856,2764500
2014-04-01,83.23000,83.89999,82.82001,83.80999,42.82575,2483000
2014-04-02,84.09000,84.77000,83.74999,84.20000,43.02504,2405700
2014-04-03,84.44001,84.60999,83.33000,83.74000,42.78998,2068500
2014-04-04,84.44001,84.44001,82.70000,83.03999,42.43229,2828600
2014-04-07,83.14000,83.14000,80.20999,80.69001,41.23148,4609100
2014-04-08,80.20999,80.80999,79.33001,80.42000,41.09351,3925900
2014-04-09,80.70001,80.89000,80.16001,80.76999,41.27235,2707900
2014-04-10,80.48000,80.84999,79.22001,79.37999,40.56208,4338100
2014-04-11,78.22000,79.59000,77.42000,77.67001,39.68830,4281300
2014-04-14,78.29000,78.43000,76.69000,77.07001,39.38171,2759200
2014-04-15,77.47000,77.68000,75.10000,76.80000,39.24374,3206500
2014-04-16,77.55000,77.87999,77.12001,77.86001,39.78539,1911400
2014-04-17,77.31000,78.10000,77.29000,77.83001,39.77006,2569700
2014-04-21,78.15000,78.41000,77.14001,77.44999,39.57588,2293200
2014-04-22,77.26999,77.90001,77.26002,77.56000,39.63209,1888300
2014-04-23,77.53000,78.47001,77.46000,77.52000,39.61165,2834500
2014-04-24,78.08999,78.25000,77.37000,77.44999,39.57588,2005100
2014-04-25,77.22001,77.47000,76.51001,76.60999,39.14665,1580700
2014-04-28,76.63000,77.01001,74.72000,75.40000,38.52836,2865000
2014-04-29,75.83000,76.17001,75.21000,75.69999,38.68165,3105400
2014-04-30,75.38000,76.10000,75.15000,75.90000,38.78385,5014200
2014-05-01,76.02000,76.73000,75.76001,76.12000,38.89627,2966800
2014-05-02,76.63000,77.07001,76.33000,76.60999,39.14665,2008500
2014-05-05,75.83000,77.87999,75.49000,77.77000,39.73940,3379900
2014-05-06,75.96000,77.69001,74.13001,74.71001,38.17578,8221600
2014-05-07,74.71001,75.12001,72.34999,72.72001,37.15892,4011700
2014-05-08,72.54000,75.17999,72.51000,74.35999,37.99693,3571300
2014-05-09,74.11001,74.42000,72.94999,73.06000,37.33265,3214400
2014-05-12,73.37000,74.00000,73.18000,73.43001,37.52172,2821400
2014-05-13,73.46000,73.84000,72.70001,72.80001,37.19980,3058800
2014-05-14,72.87001,72.96000,71.81000,72.34000,36.96474,2920000
2014-05-15,72.17999,73.03000,71.56000,72.70001,37.14870,3304600
2014-05-16,72.54000,73.75000,72.12001,73.71999,37.66990,3659200
2014-05-19,73.32001,74.35999,73.08000,73.66999,37.64435,3160800
2014-05-20,72.83001,74.14001,72.83001,73.73000,37.67501,2806100
2014-05-21,74.19999,75.69999,73.71000,74.30001,37.96628,5891000
2014-05-22,74.10000,75.94000,73.71000,75.85000,38.75830,3595600
2014-05-23,76.11000,78.36000,76.08000,78.20000,39.95912,4695600
2014-05-27,78.46001,78.58001,77.70000,78.50001,40.11242,3571100
2014-05-28,78.58999,79.41999,77.75001,79.05000,40.39346,3524800
2014-05-29,79.17001,79.41001,77.42000,77.72000,39.71385,2734500
2014-05-30,78.38001,78.46001,76.85000,76.96001,39.32550,2695600
2014-06-02,77.03001,77.79000,76.79000,77.66000,39.68319,2957400
2014-06-03,77.46000,77.91999,77.06000,77.83001,39.77006,3325100
2014-06-04,77.42999,78.79999,77.16999,78.62999,40.17884,2957600
2014-06-05,79.43000,80.66000,79.22001,80.27000,41.01686,4809500
2014-06-06,80.67001,80.83999,80.01001,80.67001,41.22126,3005600
2014-06-09,80.75001,81.43001,80.09999,80.35000,41.05774,1865200
2014-06-10,80.23000,80.42000,79.74000,80.36000,41.06285,2148200
2014-06-11,79.91000,80.25000,78.41000,78.68000,40.20439,3886000
2014-06-12,78.57001,79.17001,78.26000,78.50001,40.11242,2142100
2014-06-13,78.51001,79.05000,77.54000,77.72000,39.71385,2535900
2014-06-16,75.94000,77.33999,75.94000,76.99001,39.34083,3888800
2014-06-17,76.77000,77.31999,76.37999,77.14001,39.41748,3369200
2014-06-18,77.31999,77.31999,76.03000,76.92001,39.30506,2620800
2014-06-19,77.08001,77.40000,75.60001,75.65001,38.65611,3009700
2014-06-20,75.59001,75.68001,73.46000,73.79000,37.70567,5618200
2014-06-23,73.67999,75.63001,73.31000,74.44999,38.04292,5297400
2014-06-24,74.13001,74.96001,74.07001,74.33999,37.98671,2095600
2014-06-25,73.63999,74.94999,73.62999,74.56000,38.09913,2158800
2014-06-26,73.12000,73.88000,71.81000,72.88999,37.24578,7769300
2014-06-27,71.65000,74.15001,71.65000,74.06000,37.84364,5306200
2014-06-30,73.80000,75.06999,73.80000,74.27999,37.95605,3688000
2014-07-01,74.35000,75.44001,74.19999,75.19000,38.42105,2799300
2014-07-02,75.00001,76.07000,74.93001,75.92999,38.79918,2487500
2014-07-03,76.00000,77.12001,75.98000,76.56999,39.12621,1486100
2014-07-07,76.40001,76.75000,75.56000,76.05000,38.86050,1736400
2014-07-08,75.85000,76.19001,75.66001,75.85000,38.75830,3367000
2014-07-09,76.33000,78.94000,76.18000,78.70999,40.21972,4050200
2014-07-10,77.11001,78.90000,77.11001,77.94001,39.82627,2760700
2014-07-11,77.11001,78.77999,77.11001,78.58999,40.15840,2022200
2014-07-14,79.05000,79.05000,77.86001,78.22000,39.96934,1587700
2014-07-15,78.08999,78.70999,77.66000,78.54000,40.13286,2611200
2014-07-16,80.68001,85.15001,80.25999,83.50001,42.66735,11390500
2014-07-17,83.38000,86.81000,82.59000,85.00001,43.43383,7056400
2014-07-18,85.35999,85.62001,84.20000,85.10001,43.48493,4260600
2014-07-21,84.81000,85.03001,84.06000,84.23001,43.04037,2742700
2014-07-22,84.64000,84.64000,83.68001,83.70999,42.77465,2811600
2014-07-23,83.97000,84.20000,82.26999,82.82001,42.31988,3022600
2014-07-24,82.97001,83.45000,82.62000,82.88001,42.35054,2644100
2014-07-25,82.92001,83.57001,82.45000,82.88001,42.35054,2389100
2014-07-28,82.94999,83.31000,82.63000,83.14000,42.48339,1420800
2014-07-29,82.94999,84.11000,82.85001,82.93001,42.37609,2174800
2014-07-30,83.34000,84.49000,82.76000,83.70999,42.77465,3570000
2014-07-31,82.47000,86.24000,81.10000,85.20999,43.54113,4449600
2014-08-01,85.00001,85.24000,83.03999,83.33000,42.58048,5786700
2014-08-04,83.52001,84.55002,83.32000,84.37001,43.11191,2403200
2014-08-05,84.29001,84.45999,83.55001,84.25001,43.05059,3162900
2014-08-06,83.78000,83.78000,82.30999,83.01999,42.42207,4990400
2014-08-07,43.25000,43.64000,40.65000,40.98000,40.98000,3848100
2014-08-08,41.06000,42.35000,40.84000,42.28000,42.28000,2226300
2014-08-11,42.29000,43.07000,42.29000,42.50000,42.50000,2938000
2014-08-12,42.53000,42.61000,41.83000,42.32000,42.32000,1909000
2014-08-13,40.89000,42.72000,40.89000,42.71000,42.71000,2999500
2014-08-14,42.69000,42.87000,42.51000,42.77000,42.77000,1438100
2014-08-15,43.12000,43.54000,42.90000,43.49000,43.49000,2212900
2014-08-18,43.84000,44.47000,43.67000,44.39000,44.39000,2165400
2014-08-19,44.25000,44.61000,43.90000,44.43000,44.43000,1812000
2014-08-20,44.29000,44.87000,44.13000,44.83000,44.83000,1484200
2014-08-21,44.73000,44.86000,44.42000,44.76000,44.76000,1612800
2014-08-22,44.82000,44.99000,44.29000,44.30000,44.30000,1610600
2014-08-25,44.47000,44.67000,43.73000,43.91000,43.91000,1760800
2014-08-26,43.81000,44.44000,43.69000,44.09000,44.09000,1904200
2014-08-27,43.97000,44.19000,43.66000,43.78000,43.78000,1922500
2014-08-28,43.70000,43.94000,43.44000,43.76000,43.76000,2052000
2014-08-29,43.75000,44.13000,43.41000,43.72000,43.72000,1818400
2014-09-02,43.90000,44.21000,43.86000,44.01000,44.01000,2927800
2014-09-03,44.05000,44.29000,43.24000,43.46000,43.46000,2756000
2014-09-04,43.64000,43.78000,43.11000,43.50000,43.50000,2226600
2014-09-05,43.52000,43.71000,42.89000,43.44000,43.44000,2482200
2014-09-08,43.07000,43.80000,41.86000,42.44000,42.44000,4189700
2014-09-09,42.27000,42.34000,40.85000,40.91000,40.91000,4262500
2014-09-10,40.83000,41.06000,40.38000,40.97000,40.97000,2245100
2014-09-11,40.84000,41.09000,40.06000,40.37000,40.37000,3048600
2014-09-12,40.44000,40.44000,39.43000,39.66000,39.66000,3805300
2014-09-15,40.42000,40.44000,38.53000,39.35000,39.35000,5221800
2014-09-16,39.37000,39.87000,38.70000,39.46000,39.46000,5549400
2014-09-17,39.34000,40.09000,39.29000,39.95000,39.95000,3821500
2014-09-18,40.01000,40.19000,39.67000,39.97000,39.97000,2791300
2014-09-19,40.20000,40.67000,39.91000,40.50000,40.50000,15560900
2014-09-22,40.41000,40.48000,39.29000,39.35000,39.35000,3371000
2014-09-23,39.46000,39.46000,38.20000,38.22000,38.22000,3235400
2014-09-24,38.38000,38.49000,37.75000,38.10000,38.10000,2649200
2014-09-25,37.92000,38.38000,37.83000,38.09000,38.09000,3471000
2014-09-26,38.07000,39.06000,37.97000,39.00000,39.00000,2992100
2014-09-29,38.51000,38.90000,37.30000,37.71000,37.71000,4455900
2014-09-30,37.83000,38.13000,37.66000,37.80000,37.80000,3200300
2014-10-01,37.63000,37.89000,36.30000,36.31000,36.31000,5402100
2014-10-02,36.12000,36.41000,35.47000,36.27000,36.27000,5380900
2014-10-03,36.36000,37.13000,36.11000,37.00000,37.00000,2795800
2014-10-06,37.16000,37.46000,36.78000,36.85000,36.85000,2572200
2014-10-07,36.65000,36.77000,36.05000,36.20000,36.20000,4021900
2014-10-08,36.14000,37.28000,36.00000,37.16000,37.16000,5510200
2014-10-09,37.00000,37.09000,35.72000,35.79000,35.79000,4054200
2014-10-10,35.79000,35.99000,35.05000,35.07000,35.07000,3447700
2014-10-13,35.00000,35.25000,33.88000,33.91000,33.91000,3393000
2014-10-14,34.19000,35.44000,34.19000,34.31000,34.31000,5207600
2014-10-15,33.73000,34.95000,33.21000,34.45000,34.45000,4365600
2014-10-16,33.76000,34.45000,33.64000,34.19000,34.19000,3161500
2014-10-17,34.46000,35.17000,34.45000,34.65000,34.65000,1878600
2014-10-20,34.50000,34.80000,34.06000,34.65000,34.65000,2064500
2014-10-21,34.80000,36.50000,34.65000,36.24000,36.24000,2830100
2014-10-22,36.31000,36.48000,34.85000,34.89000,34.89000,2220200
2014-10-23,35.22000,36.59000,35.00000,35.97000,35.97000,3074900
2014-10-24,35.99000,36.75000,35.70000,36.61000,36.61000,2112600
2014-10-27,36.48000,36.72000,36.17000,36.52000,36.52000,1636200
2014-10-28,36.45000,37.38000,36.45000,37.24000,37.24000,2495900
2014-10-29,37.13000,37.64000,36.72000,37.02000,37.02000,1565800
2014-10-30,36.14000,36.91000,35.52000,35.94000,35.94000,5342000
2014-10-31,36.74000,37.00000,35.15000,35.35000,35.35000,5822600
2014-11-03,35.35000,35.73000,35.01000,35.67000,35.67000,3740300
2014-11-04,32.66000,33.54000,32.03000,33.31000,33.31000,11848400
2014-11-05,33.29000,34.53000,32.15000,34.47000,34.47000,11660100
2014-11-06,34.56000,34.70000,32.88000,32.90000,32.90000,4515500
2014-11-07,33.02000,33.33000,32.56000,32.62000,32.62000,5338500
2014-11-10,32.78000,32.90000,32.19000,32.26000,32.26000,4724200
2014-11-11,32.34000,32.68000,31.87000,31.99000,31.99000,6446200
2014-11-12,31.29000,32.02000,31.29000,31.86000,31.86000,4780900
2014-11-13,31.99000,32.98000,31.75000,32.86000,32.86000,7771100
2014-11-14,32.92000,33.63000,32.75000,33.53000,33.53000,6156600
2014-11-17,33.21000,33.52000,32.45000,32.53000,32.53000,3759000
2014-11-18,32.79000,33.57000,32.42000,33.36000,33.36000,4770600
2014-11-19,33.17000,33.46000,32.76000,32.97000,32.97000,4012600
2014-11-20,32.76000,33.95000,32.65000,33.92000,33.92000,4060800
2014-11-21,34.22000,34.22000,33.45000,33.75000,33.75000,3043000
2014-11-24,34.02000,34.61000,33.81000,34.59000,34.59000,2791500
2014-11-25,34.83000,35.35000,34.62000,34.81000,34.81000,3009800
2014-11-26,34.81000,34.96000,34.45000,34.73000,34.73000,1875900
2014-11-28,35.06000,35.09000,34.47000,34.90000,34.90000,1077700
2014-12-01,34.63000,35.04000,34.39000,34.69000,34.69000,2111100
2014-12-02,34.80000,35.20000,34.65000,34.92000,34.92000,1554000
2014-12-03,34.93000,35.69000,34.83000,35.31000,35.31000,2695000
2014-12-04,35.24000,35.31000,34.31000,34.43000,34.43000,2661700
2014-12-05,34.43000,34.60000,33.16000,33.97000,33.97000,7058400
2014-12-08,33.83000,34.14000,33.38000,33.67000,33.67000,4332200
2014-12-09,33.54000,34.69000,33.14000,34.64000,34.64000,3731700
2014-12-10,34.43000,34.59000,33.87000,33.90000,33.90000,2984400
2014-12-11,34.11000,34.67000,33.99000,34.05000,34.05000,2727300
2014-12-12,33.32000,34.30000,33.06000,33.38000,33.38000,4975700
2014-12-15,33.77000,34.00000,32.69000,32.87000,32.87000,2449500
2014-12-16,32.91000,33.70000,32.48000,33.19000,33.19000,2808200
2014-12-17,33.30000,34.34000,33.22000,34.22000,34.22000,1931600
2014-12-18,34.68000,35.45000,34.47000,35.41000,35.41000,3520900
2014-12-19,35.76000,35.78000,34.85000,35.43000,35.43000,5941500
2014-12-22,35.56000,35.61000,34.35000,34.60000,34.60000,3585900
2014-12-23,34.72000,35.50000,34.65000,35.08000,35.08000,2390000
2014-12-24,34.98000,35.18000,34.79000,34.89000,34.89000,715800
2014-12-26,35.04000,35.13000,34.61000,34.87000,34.87000,1377000
2014-12-29,34.75000,35.74000,34.70000,35.46000,35.46000,1402100
2014-12-30,35.42000,35.42000,34.64000,35.22000,35.22000,1779700
2014-12-31,35.35000,35.53000,34.39000,34.45000,34.45000,2689300
2015-01-02,34.63000,34.64000,34.12000,34.48000,34.48000,1979600
2015-01-05,34.35000,34.41000,32.94000,33.06000,33.06000,1941300
2015-01-06,33.08000,33.13000,31.93000,31.98000,31.98000,3869800
2015-01-07,32.27000,32.27000,31.47000,32.21000,32.21000,4011700
2015-01-08,32.64000,32.75000,31.94000,32.47000,32.47000,4331300
2015-01-09,32.38000,32.54000,31.96000,32.03000,32.03000,3103800
2015-01-12,32.20000,32.29000,31.58000,31.64000,31.64000,3345200
2015-01-13,31.88000,32.22000,31.02000,31.21000,31.21000,4465600
2015-01-14,30.57000,30.76000,29.58000,30.00000,30.00000,6142500
2015-01-15,30.15000,30.15000,29.43000,29.47000,29.47000,5077300
2015-01-16,29.25000,29.72000,28.94000,29.42000,29.42000,9682000
2015-01-20,29.61000,29.61000,28.75000,29.25000,29.25000,6504600
2015-01-21,29.12000,29.83000,29.05000,29.46000,29.46000,5661100
2015-01-22,29.62000,30.20000,29.49000,30.06000,30.06000,4567300
2015-01-23,29.25000,30.15000,29.25000,29.84000,29.84000,3027800
2015-01-26,29.98000,30.36000,29.88000,30.06000,30.06000,2152200
2015-01-27,29.59000,30.20000,29.55000,30.05000,30.05000,2156500
2015-01-28,30.22000,30.29000,29.64000,29.78000,29.78000,4595600
2015-01-29,29.90000,29.90000,29.30000,29.74000,29.74000,4583900
2015-01-30,29.56000,29.85000,28.94000,28.99000,28.99000,5457000
2015-02-02,29.16000,29.28000,28.72000,29.28000,29.28000,3332500
2015-02-03,29.51000,30.19000,29.32000,29.57000,29.57000,6038300
2015-02-04,29.61000,30.44000,29.60000,30.10000,30.10000,4554200
2015-02-05,30.10000,30.28000,29.04000,29.19000,29.19000,5389800
2015-02-06,29.15000,30.43000,29.15000,29.91000,29.91000,2704000
2015-02-09,29.48000,30.22000,29.48000,30.05000,30.05000,2457000
2015-02-10,30.23000,30.88000,29.87000,30.84000,30.84000,2686300
2015-02-11,30.91000,31.00000,30.19000,30.60000,30.60000,2592600
2015-02-12,30.67000,30.95000,30.07000,30.35000,30.35000,3758000
2015-02-13,30.25000,31.54000,30.25000,31.45000,31.45000,4509500
2015-02-17,31.50000,31.74000,30.78000,30.80000,30.80000,3753400
2015-02-18,30.85000,31.12000,30.61000,30.90000,30.90000,4991800
2015-02-19,30.65000,32.37000,29.70000,31.10000,31.10000,9924000
2015-02-20,31.00000,31.17000,29.45000,30.93000,30.93000,23015900
2015-02-23,32.00000,33.82000,31.90000,32.34000,32.34000,17369400
2015-02-24,32.90000,33.17000,32.34000,33.00000,33.00000,7012900
2015-02-25,33.06000,33.77000,32.78000,32.94000,32.94000,6331200
2015-02-26,32.95000,33.14000,32.13000,32.45000,32.45000,3315400
2015-02-27,32.53000,32.73000,32.21000,32.30000,32.30000,4123600
2015-03-02,32.38000,32.81000,32.10000,32.65000,32.65000,3451300
2015-03-03,32.56000,34.05000,32.46000,33.99000,33.99000,5857700
2015-03-04,33.92000,33.95000,33.32000,33.80000,33.80000,4156399
2015-03-05,33.82000,33.93000,33.36000,33.56000,33.56000,2602000
2015-03-06,33.39000,33.53000,32.79000,33.08000,33.08000,5398000
2015-03-09,33.08000,33.27000,32.65000,32.81000,32.81000,2998100
2015-03-10,32.80000,32.85000,32.19000,32.37000,32.37000,3284500
2015-03-11,32.34000,32.63000,32.17000,32.40000,32.40000,3057100
2015-03-12,32.49000,32.72000,31.74000,32.39000,32.39000,3979400
2015-03-13,32.25000,32.45000,31.60000,32.03000,32.03000,4304700
2015-03-16,32.19000,32.64000,31.70000,32.60000,32.60000,2332000
2015-03-17,32.35000,32.49000,31.80000,32.11000,32.11000,3820600
2015-03-18,31.95000,32.03000,31.08000,31.65000,31.65000,5980900
2015-03-19,31.52000,31.84000,31.19000,31.82000,31.82000,4706800
2015-03-20,32.01000,32.46000,31.66000,32.45000,32.45000,3855900
2015-03-23,32.45000,32.80000,32.38000,32.55000,32.55000,2269500
2015-03-24,32.38000,32.71000,32.22000,32.51000,32.51000,2319500
2015-03-25,32.52000,32.55000,31.15000,31.55000,31.55000,5454800
2015-03-26,31.35000,31.48000,30.60000,30.93000,30.93000,5427200
2015-03-27,30.83000,31.67000,30.64000,31.27000,31.27000,3424700
2015-03-30,31.32000,31.64000,31.01000,31.09000,31.09000,2484000
2015-03-31,31.06000,31.21000,30.67000,30.76000,30.76000,3193500
2015-04-01,30.83000,31.13000,30.51000,30.91000,30.91000,3272100
2015-04-02,31.17000,32.19000,30.71000,32.15000,32.15000,4459400
2015-04-06,31.89000,32.96000,31.68000,32.71000,32.71000,5449400
2015-04-07,32.64000,33.21000,32.39000,32.92000,32.92000,4395700
2015-04-08,32.92000,33.25000,32.72000,32.84000,32.84000,3646500
2015-04-09,32.88000,33.25000,32.72000,33.21000,33.21000,2352200
2015-04-10,33.30000,33.31000,32.91000,33.04000,33.04000,2255900
2015-04-13,33.10000,33.50000,32.80000,33.03000,33.03000,2797100
2015-04-14,32.87000,33.21000,32.44000,32.94000,32.94000,5981300
2015-04-15,33.00000,33.68000,32.87000,33.38000,33.38000,2540600
2015-04-16,33.25000,33.50000,32.97000,33.18000,33.18000,2475400
2015-04-17,32.89000,33.08000,32.18000,32.80000,32.80000,4823200
2015-04-20,33.06000,34.31000,33.00000,33.96000,33.96000,6742400
2015-04-21,33.96000,34.05000,33.37000,33.48000,33.48000,2671000
2015-04-22,33.49000,33.71000,33.13000,33.53000,33.53000,2310700
2015-04-23,33.38000,34.08000,33.22000,33.64000,33.64000,3190200
2015-04-24,33.57000,33.60000,32.70000,32.71000,32.71000,3250100
2015-04-27,32.81000,33.03000,32.15000,32.24000,32.24000,2328200
2015-04-28,31.92000,32.09000,31.25000,31.70000,31.70000,10121300
2015-04-29,31.61000,32.35000,31.53000,32.19000,32.19000,4865300
2015-04-30,32.04000,32.49000,31.98000,32.36000,32.36000,4940800
2015-05-01,32.58000,32.90000,32.34000,32.74000,32.74000,3330400
2015-05-04,32.89000,33.41000,32.69000,33.37000,33.37000,4126100
2015-05-05,33.57000,33.93000,32.57000,32.59000,32.59000,8652700
2015-05-06,32.60000,32.76000,31.64000,32.00000,32.00000,7012900
2015-05-07,32.06000,32.06000,31.21000,31.51000,31.51000,4255900
2015-05-08,31.86000,31.86000,31.28000,31.33000,31.33000,3293100
2015-05-11,31.35000,31.64000,30.73000,30.78000,30.78000,2759900
2015-05-12,30.89000,32.62000,30.55000,32.02000,32.02000,15918100
2015-05-13,32.00000,32.14000,31.21000,31.44000,31.44000,5176000
2015-05-14,31.51000,31.80000,31.22000,31.40000,31.40000,3184900
2015-05-15,31.36000,31.76000,31.24000,31.76000,31.76000,2869900
2015-05-18,31.57000,33.08000,31.52000,32.98000,32.98000,5038300
2015-05-19,32.78000,33.58000,32.59000,33.33000,33.33000,4238300
2015-05-20,33.51000,33.77000,33.33000,33.57000,33.57000,2990700
2015-05-21,33.49000,33.72000,33.20000,33.30000,33.30000,3036800
2015-05-22,33.30000,33.44000,32.88000,33.15000,33.15000,2053500
2015-05-26,33.10000,33.20000,32.67000,32.85000,32.85000,1991200
2015-05-27,32.90000,33.25000,32.75000,33.10000,33.10000,1906600
2015-05-28,33.09000,33.24000,32.97000,33.05000,33.05000,1663300
2015-05-29,33.10000,34.08000,33.03000,33.94000,33.94000,5487000
2015-06-01,34.07000,34.28000,33.80000,33.93000,33.93000,2862300
2015-06-02,33.92000,34.23000,33.61000,33.95000,33.95000,2067100
2015-06-03,33.88000,34.15000,33.58000,33.97000,33.97000,2198800
2015-06-04,33.65000,34.06000,33.51000,33.86000,33.86000,2598200
2015-06-05,33.77000,34.79000,33.54000,34.45000,34.45000,3716900
2015-06-08,34.40000,34.50000,33.60000,33.78000,33.78000,3214600
2015-06-09,33.93000,33.93000,33.15000,33.44000,33.44000,2016600
2015-06-10,33.57000,33.65000,33.08000,33.23000,33.23000,1795700
2015-06-11,33.38000,33.48000,32.61000,32.96000,32.96000,2193900
2015-06-12,32.95000,33.00000,32.40000,32.51000,32.51000,2792000
2015-06-15,32.41000,32.92000,32.08000,32.73000,32.73000,2527500
2015-06-16,32.76000,33.01000,32.48000,32.89000,32.89000,1694300
2015-06-17,32.85000,33.45000,32.84000,33.34000,33.34000,2289700
2015-06-18,33.47000,34.10000,33.35000,33.90000,33.90000,2098700
2015-06-19,33.88000,34.07000,33.55000,33.91000,33.91000,2283700
2015-06-22,33.36000,34.37000,33.22000,33.94000,33.94000,1940600
2015-06-23,34.03000,34.10000,33.57000,34.04000,34.04000,2584700
2015-06-24,34.10000,34.12000,33.65000,33.75000,33.75000,1801000
2015-06-25,33.92000,33.92000,33.50000,33.60000,33.60000,2323000
2015-06-26,33.71000,34.17000,33.46000,33.84000,33.84000,6045900
2015-06-29,34.25000,34.49000,33.13000,33.22000,33.22000,3132100
2015-06-30,33.54000,33.67000,33.09000,33.26000,33.26000,3199400
2015-07-01,33.44000,33.57000,32.99000,33.29000,33.29000,3907300
2015-07-02,33.45000,33.93000,32.92000,33.18000,33.18000,3532400
2015-07-06,32.99000,33.54000,32.86000,33.09000,33.09000,2402600
2015-07-07,33.18000,33.89000,32.45000,33.80000,33.80000,3662000
2015-07-08,33.73000,34.26000,32.71000,32.78000,32.78000,2876500
2015-07-09,32.97000,33.23000,32.50000,32.53000,32.53000,2692500
2015-07-10,32.94000,33.54000,32.77000,33.38000,33.38000,2098100
2015-07-13,33.59000,34.00000,33.47000,33.53000,33.53000,2679400
2015-07-14,33.73000,34.17000,33.58000,34.01000,34.01000,2227800
2015-07-15,34.12000,34.35000,33.84000,33.92000,33.92000,1747900
2015-07-16,34.20000,34.94000,34.00000,34.80000,34.80000,2146400
2015-07-17,34.18000,34.70000,33.17000,33.31000,33.31000,3333200
2015-07-20,32.88000,32.88000,31.86000,32.64000,32.64000,3997900
2015-07-21,32.32000,32.39000,31.80000,31.82000,31.82000,3441300
2015-07-22,31.77000,32.45000,31.61000,32.43000,32.43000,3073700
2015-07-23,32.39000,32.58000,31.90000,32.15000,32.15000,2489400
2015-07-24,32.21000,32.25000,31.70000,31.80000,31.80000,1566500
2015-07-27,31.61000,32.63000,31.10000,31.54000,31.54000,3784200
2015-07-28,31.61000,31.79000,31.00000,31.31000,31.31000,2957200
2015-07-29,31.30000,31.79000,30.90000,31.61000,31.61000,3027400
2015-07-30,31.45000,32.30000,31.28000,32.23000,32.23000,3372800
2015-07-31,32.44000,33.16000,32.18000,33.02000,33.02000,3672300
2015-08-03,33.00000,33.30000,31.50000,32.71000,32.71000,3334600
2015-08-04,32.71000,33.43000,32.36000,32.86000,32.86000,3815300
2015-08-05,32.41000,32.61000,28.47000,28.87000,28.87000,12163500
2015-08-06,29.01000,29.96000,28.20000,29.88000,29.88000,12320500
2015-08-07,30.35000,30.35000,29.00000,29.44000,29.44000,7099900
2015-08-10,29.83000,29.92000,29.32000,29.55000,29.55000,4509200
2015-08-11,29.42000,29.43000,28.68000,28.74000,28.74000,3118000
2015-08-12,28.50000,28.96000,28.47000,28.93000,28.93000,3247400
2015-08-13,28.88000,28.88000,28.39000,28.48000,28.48000,5030700
2015-08-14,28.49000,28.67000,28.19000,28.31000,28.31000,2425900
2015-08-17,28.18000,29.40000,28.17000,29.32000,29.32000,2869200
2015-08-18,29.30000,29.51000,28.93000,29.05000,29.05000,1679500
2015-08-19,29.05000,29.19000,28.51000,28.78000,28.78000,2090500
2015-08-20,28.46000,28.50000,27.02000,27.32000,27.32000,7462100
2015-08-21,27.02000,27.32000,26.69000,27.10000,27.10000,5535700
2015-08-24,25.62000,26.82000,25.11000,26.05000,26.05000,6539400
2015-08-25,26.79000,26.79000,25.82000,25.82000,25.82000,7793100
2015-08-26,26.35000,26.59000,25.90000,26.52000,26.52000,3995700
2015-08-27,26.64000,27.29000,26.36000,26.91000,26.91000,3161300
2015-08-28,26.69000,27.42000,26.59000,27.11000,27.11000,2473700
2015-08-31,26.91000,26.96000,26.39000,26.60000,26.60000,2737500
2015-09-01,26.03000,26.49000,26.00000,26.28000,26.28000,4466800
2015-09-02,26.69000,26.75000,26.02000,26.75000,26.75000,3374300
2015-09-03,26.79000,27.68000,26.62000,27.12000,27.12000,3084600
2015-09-04,26.80000,27.07000,26.59000,26.73000,26.73000,2076300
2015-09-08,27.62000,27.89000,27.11000,27.22000,27.22000,3601100
2015-09-09,27.42000,27.68000,26.75000,26.82000,26.82000,2662000
2015-09-10,26.79000,27.13000,26.56000,26.90000,26.90000,2935000
2015-09-11,26.80000,27.06000,26.42000,26.94000,26.94000,2367400
2015-09-14,26.79000,26.89000,26.19000,26.57000,26.57000,3042900
2015-09-15,26.71000,27.08000,26.49000,26.99000,26.99000,2070000
2015-09-16,27.13000,28.13000,27.13000,27.89000,27.89000,2899400
2015-09-17,27.90000,28.68000,27.83000,28.29000,28.29000,3000300
2015-09-18,27.95000,28.52000,27.62000,28.28000,28.28000,3677200
2015-09-21,28.32000,28.85000,28.14000,28.81000,28.81000,4511900
2015-09-22,28.42000,28.44000,27.45000,27.81000,27.81000,4079400
2015-09-23,27.80000,27.95000,27.50000,27.67000,27.67000,2514800
2015-09-24,27.50000,27.96000,27.01000,27.65000,27.65000,2610600
2015-09-25,27.66000,27.92000,27.39000,27.84000,27.84000,2577700
2015-09-28,27.85000,28.31000,27.65000,27.78000,27.78000,3993300
2015-09-29,28.10000,28.23000,25.57000,26.40000,26.40000,14226900
2015-09-30,26.45000,26.77000,25.27000,26.03000,26.03000,6524500
2015-10-01,26.15000,26.17000,25.27000,25.36000,25.36000,4621300
2015-10-02,25.10000,26.11000,25.02000,26.09000,26.09000,3649100
2015-10-05,26.35000,27.10000,26.23000,26.88000,26.88000,3592200
2015-10-06,27.02000,27.46000,26.87000,27.21000,27.21000,3095300
2015-10-07,27.37000,28.50000,27.37000,28.01000,28.01000,3977600
2015-10-08,27.98000,28.95000,27.81000,28.84000,28.84000,3901100
2015-10-09,28.93000,29.29000,28.50000,28.90000,28.90000,2282700
2015-10-12,29.00000,29.00000,28.48000,28.84000,28.84000,3143900
2015-10-13,28.72000,29.10000,28.50000,28.83000,28.83000,2966300
2015-10-14,28.42000,28.88000,27.85000,28.35000,28.35000,1764800
2015-10-15,28.46000,28.87000,27.95000,28.86000,28.86000,2154300
2015-10-16,28.59000,28.75000,28.17000,28.49000,28.49000,3212000
2015-10-19,28.46000,28.77000,28.17000,28.70000,28.70000,2165200
2015-10-20,28.77000,29.38000,28.50000,29.18000,29.18000,3034100
2015-10-21,29.29000,29.54000,28.72000,28.81000,28.81000,1691000
2015-10-22,28.85000,29.67000,28.74000,29.45000,29.45000,2029600
2015-10-23,29.69000,29.91000,29.40000,29.77000,29.77000,2451600
2015-10-26,29.84000,29.84000,29.14000,29.29000,29.29000,2297600
2015-10-27,29.05000,29.32000,28.32000,28.78000,28.78000,3149400
2015-10-28,28.82000,29.56000,28.62000,29.53000,29.53000,2449400
2015-10-29,29.32000,30.13000,29.10000,29.37000,29.37000,2802900
2015-10-30,29.38000,29.67000,28.72000,29.44000,29.44000,2684300
2015-11-02,29.53000,30.24000,29.42000,30.06000,30.06000,4489100
2015-11-03,31.00000,31.80000,30.10000,31.08000,31.08000,6098100
2015-11-04,31.13000,31.52000,29.26000,30.30000,30.30000,7195900
2015-11-05,30.36000,30.36000,29.14000,29.51000,29.51000,4104300
2015-11-06,29.29000,29.46000,28.80000,29.01000,29.01000,4429300
2015-11-09,29.10000,29.39000,28.25000,29.00000,29.00000,3677100
2015-11-10,29.10000,30.09000,29.02000,30.06000,30.06000,3571400
2015-11-11,30.32000,31.35000,30.10000,30.61000,30.61000,4085300
2015-11-12,30.48000,30.76000,30.10000,30.16000,30.16000,3086100
2015-11-13,30.17000,30.44000,29.86000,29.98000,29.98000,2433200
2015-11-16,29.89000,30.62000,29.87000,30.59000,30.59000,2321300
2015-11-17,30.67000,30.96000,29.88000,30.10000,30.10000,3666400
2015-11-18,30.28000,30.80000,30.22000,30.78000,30.78000,1981100
2015-11-19,30.82000,30.88000,30.17000,30.56000,30.56000,2671700
2015-11-20,30.70000,31.00000,30.50000,30.77000,30.77000,2189500
2015-11-23,30.69000,31.33000,30.31000,30.71000,30.71000,2520000
2015-11-24,30.57000,31.16000,30.41000,30.95000,30.95000,2904600
2015-11-25,30.89000,31.26000,30.29000,31.12000,31.12000,2695100
2015-11-27,31.12000,31.33000,30.65000,31.08000,31.08000,1460100
2015-11-30,31.15000,31.39000,30.71000,31.14000,31.14000,3078000
2015-12-01,31.22000,31.38000,30.88000,31.08000,31.08000,2498500
2015-12-02,31.13000,31.25000,30.04000,30.18000,30.18000,3878000
2015-12-03,30.18000,30.60000,29.67000,30.12000,30.12000,2888200
2015-12-04,30.14000,30.85000,29.89000,30.73000,30.73000,2350200
2015-12-07,30.73000,30.85000,30.12000,30.70000,30.70000,2305900
2015-12-08,30.44000,30.44000,29.39000,29.43000,29.43000,4312400
2015-12-09,29.26000,29.47000,28.32000,28.45000,28.45000,4535800
2015-12-10,28.44000,28.82000,28.04000,28.39000,28.39000,3195400
2015-12-11,27.92000,28.12000,27.15000,27.37000,27.37000,3029200
2015-12-14,27.36000,27.68000,25.99000,26.45000,26.45000,6125100
2015-12-15,26.58000,27.48000,26.31000,26.52000,26.52000,4982700
2015-12-16,26.80000,27.41000,26.62000,27.18000,27.18000,3438200
2015-12-17,27.21000,27.36000,26.30000,26.48000,26.48000,2920200
2015-12-18,26.47000,26.47000,25.83000,26.22000,26.22000,7112400
2015-12-21,26.60000,26.63000,26.16000,26.28000,26.28000,2870700
2015-12-22,26.38000,27.04000,26.27000,26.87000,26.87000,2471100
2015-12-23,26.86000,27.24000,26.71000,27.14000,27.14000,2652800
2015-12-24,27.17000,27.29000,26.97000,27.09000,27.09000,980400
2015-12-28,26.69000,27.06000,26.27000,26.84000,26.84000,1881900
2015-12-29,27.00000,27.19000,26.75000,26.90000,26.90000,1475300
2015-12-30,26.89000,27.08000,26.35000,26.56000,26.56000,2032500
2015-12-31,26.50000,26.91000,26.30000,26.68000,26.68000,1694600
2016-01-04,26.13000,26.85000,25.90000,26.41000,26.41000,2763000
2016-01-05,26.46000,27.14000,26.17000,26.47000,26.47000,1738500
2016-01-06,25.96000,26.64000,25.93000,26.28000,26.28000,2268500
2016-01-07,25.75000,26.03000,25.23000,25.48000,25.48000,2927300
2016-01-08,25.65000,26.18000,25.38000,26.01000,26.01000,2886500
2016-01-11,26.08000,26.31000,25.42000,25.83000,25.83000,2437000
2016-01-12,25.95000,26.64000,25.89000,26.33000,26.33000,2433400
2016-01-13,26.43000,26.70000,25.38000,25.54000,25.54000,2114700
2016-01-14,25.69000,26.55000,25.45000,26.30000,26.30000,3830700
2016-01-15,25.54000,26.11000,25.34000,25.89000,25.89000,2156700
2016-01-19,26.14000,26.41000,25.43000,25.79000,25.79000,3583800
2016-01-20,25.34000,25.77000,24.70000,25.53000,25.53000,3013900
2016-01-21,25.53000,26.31000,25.21000,25.89000,25.89000,3448700
2016-01-22,26.36000,27.03000,26.28000,26.90000,26.90000,3350100
2016-01-25,26.71000,26.87000,26.18000,26.25000,26.25000,2310500
2016-01-26,26.43000,27.48000,26.34000,27.42000,27.42000,3048300
2016-01-27,27.40000,28.03000,26.99000,27.10000,27.10000,3274700
2016-01-28,27.37000,27.42000,26.22000,26.73000,26.73000,2777800
2016-01-29,26.79000,27.62000,26.71000,27.59000,27.59000,2537400
2016-02-01,27.33000,27.82000,26.89000,27.64000,27.64000,2538300
2016-02-02,27.22000,27.43000,26.32000,26.40000,26.40000,2768600
2016-02-03,26.54000,27.31000,25.95000,27.27000,27.27000,2422000
2016-02-04,27.38000,28.32000,27.36000,27.70000,27.70000,3172400
2016-02-05,27.70000,27.74000,26.79000,27.21000,27.21000,3111800
2016-02-08,26.84000,26.98000,25.49000,26.02000,26.02000,3123900
2016-02-09,25.51000,25.58000,24.20000,24.72000,24.72000,5795700
2016-02-10,24.63000,25.14000,23.85000,24.75000,24.75000,3902000
2016-02-11,24.13000,24.55000,23.74000,24.33000,24.33000,3625000
2016-02-12,24.47000,25.07000,24.20000,25.00000,25.00000,3039400
2016-02-16,24.71000,25.67000,24.21000,25.56000,25.56000,4251500
2016-02-17,25.67000,26.97000,25.41000,26.71000,26.71000,5594500
2016-02-18,25.90000,26.19000,24.33000,25.62000,25.62000,7059100
2016-02-19,25.49000,25.87000,25.09000,25.35000,25.35000,3969700
2016-02-22,25.72000,26.36000,25.66000,26.19000,26.19000,3765400
2016-02-23,26.20000,26.20000,25.10000,25.19000,25.19000,4099600
2016-02-24,24.92000,25.35000,24.43000,25.20000,25.20000,4072900
2016-02-25,25.38000,25.39000,24.53000,24.88000,24.88000,3331100
2016-02-26,25.07000,25.32000,24.84000,25.08000,25.08000,4317500
2016-02-29,25.04000,25.42000,24.83000,25.00000,25.00000,3765900
2016-03-01,25.26000,26.70000,25.06000,26.43000,26.43000,5441700
2016-03-02,26.27000,27.08000,26.22000,26.78000,26.78000,4479800
2016-03-03,26.60000,27.86000,26.60000,27.63000,27.63000,4734000
2016-03-04,27.54000,27.88000,27.03000,27.60000,27.60000,4254800
2016-03-07,27.32000,28.19000,27.15000,28.06000,28.06000,2938000
2016-03-08,27.84000,27.90000,27.10000,27.18000,27.18000,4029600
2016-03-09,27.49000,27.86000,27.26000,27.67000,27.67000,2973400
2016-03-10,27.88000,27.92000,27.22000,27.64000,27.64000,2377400
2016-03-11,27.95000,28.65000,27.61000,28.44000,28.44000,2971000
2016-03-14,28.01000,28.45000,27.50000,27.93000,27.93000,2774100
2016-03-15,27.82000,27.99000,27.46000,27.66000,27.66000,2826800
2016-03-16,27.49000,28.57000,27.36000,28.55000,28.55000,2874800
2016-03-17,28.58000,29.24000,28.54000,29.10000,29.10000,2890100
2016-03-18,29.16000,29.53000,28.92000,29.42000,29.42000,3440500
2016-03-21,29.27000,29.75000,28.66000,29.24000,29.24000,2395600
2016-03-22,28.97000,29.12000,28.54000,28.87000,28.87000,2249800
2016-03-23,28.89000,28.89000,27.52000,27.81000,27.81000,3373000
2016-03-24,27.58000,28.10000,27.32000,27.99000,27.99000,2472200
2016-03-28,28.15000,28.46000,27.92000,28.23000,28.23000,1331400
2016-03-29,28.19000,28.38000,27.79000,28.24000,28.24000,2063000
2016-03-30,28.45000,28.53000,27.99000,28.09000,28.09000,1851400
2016-03-31,28.16000,28.69000,28.16000,28.63000,28.63000,2615400
2016-04-01,28.27000,28.98000,28.17000,28.90000,28.90000,2300700
2016-04-04,29.00000,29.26000,28.75000,28.88000,28.88000,1855000
2016-04-05,28.65000,28.83000,28.36000,28.62000,28.62000,2386800
2016-04-06,28.73000,29.01000,28.45000,28.93000,28.93000,2223600
2016-04-07,28.72000,28.89000,27.66000,27.91000,27.91000,3981500
2016-04-08,28.39000,28.43000,27.90000,28.17000,28.17000,2893500
2016-04-11,28.44000,28.60000,28.05000,28.35000,28.35000,3233900
2016-04-12,28.44000,28.57000,27.91000,28.38000,28.38000,2527600
2016-04-13,28.59000,29.08000,28.36000,28.70000,28.70000,2113500
2016-04-14,28.69000,28.85000,28.37000,28.38000,28.38000,2065800
2016-04-15,28.36000,28.44000,28.02000,28.34000,28.34000,2360500
2016-04-18,28.21000,28.83000,28.15000,28.55000,28.55000,1412600
2016-04-19,28.63000,29.21000,28.28000,28.34000,28.34000,3331500
2016-04-20,28.34000,28.41000,27.76000,28.16000,28.16000,3345100
2016-04-21,28.30000,28.85000,28.17000,28.37000,28.37000,2616400
2016-04-22,28.34000,28.95000,28.24000,28.80000,28.80000,2568300
2016-04-25,28.53000,28.73000,27.78000,27.93000,27.93000,4779300
2016-04-26,27.60000,28.48000,27.54000,28.20000,28.20000,2904800
2016-04-27,28.30000,28.54000,28.00000,28.44000,28.44000,1721200
2016-04-28,28.29000,28.59000,27.95000,28.15000,28.15000,2246900
2016-04-29,28.01000,28.06000,26.99000,27.31000,27.31000,4294500
2016-05-02,27.37000,28.09000,27.14000,27.93000,27.93000,3774800
2016-05-03,27.60000,27.70000,26.92000,27.00000,27.00000,3540400
2016-05-04,27.04000,27.53000,26.57000,26.59000,26.59000,6455500
2016-05-05,27.55000,28.32000,27.25000,27.74000,27.74000,8407400
2016-05-06,27.68000,28.35000,27.41000,28.28000,28.28000,4331600
2016-05-09,28.38000,28.59000,28.06000,28.15000,28.15000,2672500
2016-05-10,28.33000,29.37000,28.26000,29.31000,29.31000,4655500
2016-05-11,29.11000,29.30000,28.78000,28.97000,28.97000,3986300
2016-05-12,29.12000,29.15000,27.84000,28.14000,28.14000,5648000
2016-05-13,28.04000,28.69000,27.89000,27.98000,27.98000,3739900
2016-05-16,28.09000,28.22000,27.48000,27.53000,27.53000,3590300
2016-05-17,27.37000,27.92000,27.22000,27.45000,27.45000,4087000
2016-05-18,26.79000,26.84000,26.29000,26.71000,26.71000,6318500
2016-05-19,26.61000,26.72000,26.06000,26.10000,26.10000,3524800
2016-05-20,26.34000,26.76000,26.05000,26.17000,26.17000,3658500
2016-05-23,26.23000,26.63000,26.16000,26.24000,26.24000,2755100
2016-05-24,26.29000,26.62000,26.29000,26.53000,26.53000,3540100
2016-05-25,26.62000,27.13000,26.52000,27.00000,27.00000,2396000
2016-05-26,27.05000,27.30000,26.81000,27.07000,27.07000,2363600
2016-05-27,27.03000,27.65000,27.03000,27.55000,27.55000,2658000
2016-05-31,27.69000,27.97000,27.52000,27.85000,27.85000,3184500
2016-06-01,27.72000,27.92000,27.31000,27.81000,27.81000,1807100
2016-06-02,27.71000,28.45000,27.68000,28.30000,28.30000,3167200
2016-06-03,28.22000,28.42000,27.75000,28.39000,28.39000,3731600
2016-06-06,28.54000,28.89000,28.04000,28.88000,28.88000,4152300
2016-06-07,28.18000,28.20000,27.64000,27.85000,27.85000,5662600
2016-06-08,28.07000,28.16000,27.80000,28.04000,28.04000,1569800
2016-06-09,27.87000,27.89000,27.21000,27.33000,27.33000,2757900
2016-06-10,26.95000,27.51000,25.99000,26.15000,26.15000,4161100
2016-06-13,26.15000,26.51000,25.97000,25.97000,25.97000,1976100
2016-06-14,25.94000,26.09000,25.44000,25.67000,25.67000,5049300
2016-06-15,25.74000,26.15000,25.48000,25.54000,25.54000,4329300
2016-06-16,25.38000,25.57000,25.11000,25.55000,25.55000,3632300
2016-06-17,25.69000,26.03000,25.43000,25.59000,25.59000,3341600
2016-06-20,25.95000,26.52000,25.93000,26.09000,26.09000,3313000
2016-06-21,26.16000,26.16000,25.40000,25.76000,25.76000,3253000
2016-06-22,25.96000,26.28000,25.76000,25.99000,25.99000,3066500
2016-06-23,26.21000,26.44000,26.10000,26.37000,26.37000,2989200
2016-06-24,25.18000,25.33000,24.30000,24.46000,24.46000,6384100
2016-06-27,24.46000,24.53000,23.67000,23.73000,23.73000,5230400
2016-06-28,24.02000,24.05000,23.66000,23.91000,23.91000,3521700
2016-06-29,23.92000,24.46000,23.77000,24.38000,24.38000,3558700
2016-06-30,24.51000,25.26000,24.50000,25.23000,25.23000,6201600
2016-07-01,25.29000,25.52000,25.11000,25.25000,25.25000,2981400
2016-07-05,25.07000,25.16000,24.53000,24.77000,24.77000,2947800
2016-07-06,24.62000,25.12000,24.44000,25.10000,25.10000,3317600
2016-07-07,25.15000,25.51000,25.09000,25.41000,25.41000,3182300
2016-07-08,25.50000,25.81000,25.48000,25.62000,25.62000,3462000
2016-07-11,25.69000,25.83000,25.23000,25.25000,25.25000,4112000
2016-07-12,25.48000,25.62000,25.36000,25.54000,25.54000,3976300
2016-07-13,25.69000,25.69000,25.37000,25.49000,25.49000,3059900
2016-07-14,25.76000,25.83000,25.47000,25.70000,25.70000,3708000
2016-07-15,25.46000,25.67000,24.87000,25.06000,25.06000,3409800
2016-07-18,25.07000,25.31000,24.96000,25.30000,25.30000,3809000
2016-07-19,25.26000,25.39000,25.09000,25.17000,25.17000,2948400
2016-07-20,25.19000,25.59000,25.04000,25.31000,25.31000,2393100
2016-07-21,25.38000,25.69000,25.27000,25.40000,25.40000,2031000
2016-07-22,25.27000,25.61000,25.27000,25.51000,25.51000,1319500
2016-07-25,25.43000,25.73000,25.40000,25.46000,25.46000,1693200
2016-07-26,25.42000,25.75000,25.31000,25.64000,25.64000,2116700
2016-07-27,25.74000,25.76000,25.12000,25.46000,25.46000,2010500
2016-07-28,25.37000,25.55000,25.17000,25.26000,25.26000,1835000
2016-07-29,25.21000,25.23000,24.71000,25.09000,25.09000,4499400
2016-08-01,25.16000,25.31000,24.73000,24.77000,24.77000,5154900
2016-08-02,26.00000,26.53000,25.50000,26.42000,26.42000,8682400
2016-08-03,26.81000,27.73000,26.30000,26.83000,26.83000,7548600
2016-08-04,26.76000,26.91000,25.94000,26.42000,26.42000,3992200
2016-08-05,26.53000,26.58000,26.23000,26.33000,26.33000,2542900
2016-08-08,26.49000,26.56000,25.99000,26.20000,26.20000,3114800
2016-08-09,26.16000,26.26000,25.64000,25.65000,25.65000,3175600
2016-08-10,25.69000,25.99000,25.51000,25.76000,25.76000,2591400
2016-08-11,25.85000,26.12000,25.75000,26.10000,26.10000,2097900
2016-08-12,26.09000,26.51000,25.87000,26.35000,26.35000,3196700
2016-08-15,26.46000,26.70000,26.40000,26.58000,26.58000,1813200
2016-08-16,26.44000,26.46000,26.25000,26.35000,26.35000,1606900
2016-08-17,26.38000,27.02000,26.37000,26.97000,26.97000,4628100
2016-08-18,26.92000,27.09000,26.72000,26.84000,26.84000,3284500
2016-08-19,26.75000,26.86000,26.62000,26.73000,26.73000,2036800
2016-08-22,26.73000,26.73000,26.37000,26.56000,26.56000,2689100
2016-08-23,26.59000,26.66000,26.34000,26.39000,26.39000,2420800
2016-08-24,26.40000,26.54000,26.08000,26.11000,26.11000,2530800
2016-08-25,26.15000,26.26000,25.81000,25.87000,25.87000,1999500
2016-08-26,25.99000,26.21000,25.58000,25.73000,25.73000,2233100
2016-08-29,25.76000,25.91000,25.65000,25.66000,25.66000,1105700
2016-08-30,25.68000,25.81000,25.47000,25.59000,25.59000,1921300
2016-08-31,25.54000,25.70000,25.35000,25.51000,25.51000,2457200
2016-09-01,25.52000,25.76000,25.43000,25.69000,25.69000,2285100
2016-09-02,25.74000,25.96000,25.74000,25.89000,25.89000,1747000
2016-09-06,25.90000,25.91000,24.88000,25.09000,25.09000,4864400
2016-09-07,25.12000,25.25000,24.89000,25.07000,25.07000,2861100
2016-09-08,25.00000,25.45000,24.91000,25.38000,25.38000,3913400
2016-09-09,25.17000,25.30000,24.53000,24.55000,24.55000,3856100
2016-09-12,24.39000,25.19000,24.22000,25.18000,25.18000,3402100
2016-09-13,24.88000,25.00000,24.58000,24.73000,24.73000,3402500
2016-09-14,24.24000,24.96000,24.24000,24.74000,24.74000,1948000
2016-09-15,24.74000,24.80000,24.18000,24.41000,24.41000,4156700
2016-09-16,24.26000,24.39000,23.96000,24.35000,24.35000,5492900
2016-09-19,24.44000,24.68000,24.28000,24.55000,24.55000,2265500
2016-09-20,24.70000,24.70000,24.26000,24.27000,24.27000,4373800
2016-09-21,24.29000,24.56000,24.13000,24.53000,24.53000,3483800
2016-09-22,24.48000,25.83000,24.46000,25.71000,25.71000,6441600
2016-09-23,25.65000,26.16000,25.59000,26.09000,26.09000,4432600
2016-09-26,26.01000,26.17000,25.75000,26.16000,26.16000,4907400
2016-09-27,25.84000,26.39000,25.61000,26.37000,26.37000,4886000
2016-09-28,26.50000,26.81000,26.34000,26.80000,26.80000,3004600
2016-09-29,26.56000,27.25000,26.23000,26.81000,26.81000,3978800
2016-09-30,26.93000,27.11000,26.76000,26.92000,26.92000,4818000
2016-10-03,26.91000,27.45000,26.77000,27.39000,27.39000,4270600
2016-10-04,27.38000,27.53000,27.10000,27.40000,27.40000,3373500
2016-10-05,27.52000,27.86000,27.33000,27.69000,27.69000,3702700
2016-10-06,27.63000,28.26000,27.51000,27.84000,27.84000,2476900
2016-10-07,27.87000,27.87000,27.13000,27.17000,27.17000,3578700
2016-10-10,27.39000,27.50000,27.03000,27.04000,27.04000,2103000
2016-10-11,27.00000,27.29000,26.27000,26.40000,26.40000,3296900
2016-10-12,26.40000,26.52000,26.14000,26.17000,26.17000,2448300
2016-10-13,25.89000,25.95000,25.36000,25.68000,25.68000,2746700
2016-10-14,25.76000,25.94000,25.16000,25.34000,25.34000,3253500
2016-10-17,25.29000,25.50000,25.20000,25.29000,25.29000,2260300
2016-10-18,25.60000,25.69000,25.18000,25.21000,25.21000,1501200
2016-10-19,25.27000,25.62000,25.24000,25.61000,25.61000,2193600
2016-10-20,25.56000,25.79000,25.37000,25.71000,25.71000,2949900
2016-10-21,25.56000,27.57000,25.50000,26.64000,26.64000,10706200
2016-10-24,26.77000,26.97000,26.43000,26.62000,26.62000,4068300
2016-10-25,26.65000,26.74000,26.15000,26.18000,26.18000,2230200
2016-10-26,26.16000,26.48000,26.02000,26.44000,26.44000,1829900
2016-10-27,26.50000,26.58000,26.03000,26.16000,26.16000,2609000
2016-10-28,26.19000,26.34000,25.77000,25.85000,25.85000,2344700
2016-10-31,26.02000,26.39000,25.77000,26.11000,26.11000,5694200
2016-11-01,25.84000,26.05000,24.75000,25.79000,25.79000,6898200
2016-11-02,25.69000,25.70000,24.99000,25.20000,25.20000,3609400
2016-11-03,25.33000,26.02000,25.33000,25.78000,25.78000,5001600
2016-11-04,25.73000,26.54000,25.62000,25.64000,25.64000,5613000
2016-11-07,26.19000,26.19000,25.53000,25.55000,25.55000,3777900
2016-11-08,25.50000,25.95000,25.33000,25.85000,25.85000,3443600
2016-11-09,25.00000,26.11000,24.95000,25.90000,25.90000,3128200
2016-11-10,25.95000,26.47000,25.71000,26.03000,26.03000,4515300
2016-11-11,25.61000,26.51000,25.51000,26.44000,26.44000,3238700
2016-11-14,26.50000,28.46000,26.49000,28.35000,28.35000,7012900
2016-11-15,28.35000,28.35000,27.30000,27.80000,27.80000,5461500
2016-11-16,27.76000,28.23000,27.59000,27.63000,27.63000,2678600
2016-11-17,27.50000,28.17000,27.45000,28.03000,28.03000,3577800
2016-11-18,27.91000,28.13000,27.47000,27.50000,27.50000,2588900
2016-11-21,27.50000,27.96000,27.49000,27.55000,27.55000,2003400
2016-11-22,27.53000,27.97000,27.29000,27.46000,27.46000,3218900
2016-11-23,27.44000,27.53000,27.17000,27.35000,27.35000,1897300
2016-11-25,27.33000,27.62000,27.10000,27.54000,27.54000,647400
2016-11-28,27.49000,27.50000,26.77000,27.22000,27.22000,2467600
2016-11-29,27.25000,27.66000,27.16000,27.65000,27.65000,2647900
2016-11-30,27.72000,28.00000,27.09000,27.09000,27.09000,2766700
2016-12-01,27.22000,27.51000,27.08000,27.15000,27.15000,2909700
2016-12-02,27.01000,27.52000,26.52000,26.60000,26.60000,2426400
2016-12-05,26.76000,27.59000,26.72000,27.39000,27.39000,3066000
2016-12-06,27.42000,27.80000,27.22000,27.79000,27.79000,2188900
2016-12-07,27.83000,28.86000,27.74000,28.80000,28.80000,2616400
2016-12-08,28.74000,29.72000,28.73000,29.55000,29.55000,2829300
2016-12-09,29.55000,29.63000,28.61000,29.10000,29.10000,4909700
2016-12-12,28.83000,28.88000,27.97000,28.58000,28.58000,4393900
2016-12-13,28.61000,29.00000,28.61000,28.77000,28.77000,1859500
2016-12-14,28.74000,29.07000,28.55000,28.68000,28.68000,2178100
2016-12-15,28.70000,29.00000,28.53000,28.85000,28.85000,2779600
2016-12-16,28.94000,29.09000,28.36000,28.39000,28.39000,3359700
2016-12-19,28.49000,28.66000,28.08000,28.17000,28.17000,2093300
2016-12-20,28.17000,28.53000,28.14000,28.49000,28.49000,1892700
2016-12-21,28.39000,28.60000,28.31000,28.44000,28.44000,1233900
2016-12-22,28.45000,28.46000,27.72000,28.13000,28.13000,2061400
2016-12-23,28.17000,28.27000,27.92000,28.00000,28.00000,1114400
2016-12-27,28.13000,28.30000,27.62000,28.12000,28.12000,1341700
2016-12-28,28.12000,28.24000,27.80000,27.89000,27.89000,1197800
2016-12-29,27.88000,28.02000,27.60000,27.69000,27.69000,1131000
2016-12-30,27.68000,27.75000,27.25000,27.41000,27.41000,1573100
2017-01-03,27.66000,28.31000,27.66000,27.96000,27.96000,2626200
2017-01-04,27.98000,28.45000,27.92000,28.29000,28.29000,2017800
2017-01-05,27.82000,28.17000,27.14000,27.20000,27.20000,3664200
2017-01-06,27.23000,27.81000,27.13000,27.48000,27.48000,3337400
2017-01-09,27.31000,27.42000,26.84000,26.87000,26.87000,2382600
2017-01-10,26.39000,26.78000,26.16000,26.34000,26.34000,5618600
2017-01-11,26.34000,26.53000,26.12000,26.51000,26.51000,5780000
2017-01-12,26.36000,27.28000,26.34000,27.20000,27.20000,3818800
2017-01-13,27.17000,27.48000,27.01000,27.40000,27.40000,2285600
2017-01-17,27.39000,27.84000,27.21000,27.81000,27.81000,2651900
2017-01-18,27.95000,28.22000,27.74000,28.01000,28.01000,2497300
2017-01-19,28.10000,28.20000,27.76000,28.00000,28.00000,2148800
2017-01-20,28.04000,28.22000,27.82000,27.89000,27.89000,2059100
2017-01-23,27.89000,28.33000,27.81000,28.27000,28.27000,2241300
2017-01-24,28.32000,28.54000,28.04000,28.49000,28.49000,1499700
2017-01-25,28.62000,28.98000,27.41000,27.58000,27.58000,6358300
2017-01-26,27.80000,28.20000,27.54000,27.90000,27.90000,3511200
2017-01-27,27.96000,28.34000,27.68000,28.06000,28.06000,2106100
2017-01-30,28.07000,28.16000,27.67000,27.98000,27.98000,1665300
2017-01-31,27.95000,28.68000,27.50000,28.35000,28.35000,3789800
2017-02-01,28.32000,28.57000,27.68000,28.04000,28.04000,2662700
2017-02-02,27.96000,28.02000,27.61000,27.79000,27.79000,2295000
2017-02-03,27.87000,28.15000,27.83000,28.09000,28.09000,1497100
2017-02-06,27.98000,28.26000,27.86000,27.97000,27.97000,2060000
2017-02-07,27.96000,28.09000,27.58000,27.99000,27.99000,1448300
2017-02-08,28.01000,28.01000,27.34000,27.53000,27.53000,2140100
2017-02-09,27.59000,28.29000,27.55000,27.96000,27.96000,2436600
2017-02-10,28.00000,28.57000,27.92000,28.48000,28.48000,2915800
2017-02-13,28.51000,29.20000,28.51000,29.03000,29.03000,5129600
2017-02-14,28.75000,28.93000,27.66000,28.53000,28.53000,7141200
2017-02-15,28.47000,28.92000,28.35000,28.49000,28.49000,3837200
2017-02-16,28.57000,28.86000,28.48000,28.57000,28.57000,3025100
2017-02-17,28.58000,28.96000,28.55000,28.68000,28.68000,1987500
2017-02-21,28.62000,29.89000,28.61000,29.62000,29.62000,5847600
2017-02-22,29.41000,29.73000,29.27000,29.51000,29.51000,3441800
2017-02-23,29.60000,29.91000,29.30000,29.50000,29.50000,1850100
2017-02-24,29.46000,29.51000,29.00000,29.27000,29.27000,2028800
2017-02-27,29.19000,29.38000,28.84000,29.05000,29.05000,2091500
2017-02-28,29.17000,29.17000,28.58000,28.76000,28.76000,2100100
2017-03-01,29.01000,29.02000,28.48000,28.52000,28.52000,2360200
2017-03-02,28.41000,28.51000,27.84000,28.49000,28.49000,4948400
2017-03-03,28.48000,28.52000,27.86000,27.89000,27.89000,3464700
2017-03-06,27.77000,27.87000,27.32000,27.78000,27.78000,4676100
2017-03-07,27.67000,28.12000,27.50000,27.75000,27.75000,4586500
2017-03-08,27.81000,28.24000,27.81000,27.98000,27.98000,3091300
2017-03-09,27.85000,28.17000,27.65000,27.86000,27.86000,2115300
2017-03-10,27.98000,28.02000,27.48000,27.69000,27.69000,1807800
2017-03-13,27.70000,27.72000,27.30000,27.50000,27.50000,2155600
2017-03-14,27.47000,27.83000,27.23000,27.46000,27.46000,1763900
2017-03-15,27.46000,28.10000,27.31000,28.00000,28.00000,2610700
2017-03-16,27.98000,28.35000,27.42000,28.15000,28.15000,3074900
2017-03-17,28.25000,28.25000,27.83000,28.01000,28.01000,2310800
2017-03-20,27.99000,28.04000,27.73000,27.73000,27.73000,2267700
2017-03-21,27.90000,28.00000,27.37000,27.44000,27.44000,1466400
2017-03-22,27.48000,27.67000,27.15000,27.54000,27.54000,1616300
2017-03-23,27.50000,27.80000,27.35000,27.67000,27.67000,1361700
2017-03-24,27.73000,27.73000,27.43000,27.54000,27.54000,2471000
2017-03-27,27.48000,27.66000,27.31000,27.63000,27.63000,2530900
2017-03-28,27.65000,27.82000,27.42000,27.68000,27.68000,1679900
2017-03-29,27.61000,28.13000,27.49000,28.06000,28.06000,2731400
2017-03-30,28.05000,28.73000,28.01000,28.70000,28.70000,2101000
2017-03-31,28.72000,29.18000,28.52000,29.09000,29.09000,3415200
2017-04-03,29.10000,29.26000,28.59000,28.93000,28.93000,3830600
2017-04-04,28.88000,29.29000,28.88000,29.27000,29.27000,2385400
2017-04-05,29.42000,29.88000,29.32000,29.36000,29.36000,4305400
2017-04-06,29.34000,29.50000,29.02000,29.30000,29.30000,3256900
2017-04-07,29.33000,29.41000,29.12000,29.21000,29.21000,2298300
2017-04-10,29.23000,29.44000,29.14000,29.19000,29.19000,1616800
2017-04-11,29.24000,29.24000,28.83000,29.04000,29.04000,1644900
2017-04-12,28.99000,29.03000,28.63000,28.69000,28.69000,2869300
2017-04-13,28.66000,28.75000,28.22000,28.29000,28.29000,2493100
2017-04-17,28.41000,28.59000,28.25000,28.50000,28.50000,1435100
2017-04-18,28.44000,28.70000,28.33000,28.61000,28.61000,2202100
2017-04-19,28.68000,29.15000,28.68000,28.92000,28.92000,1809900
2017-04-20,30.25000,30.25000,29.03000,29.32000,29.32000,2126300
2017-04-21,29.31000,29.47000,29.11000,29.16000,29.16000,1439800
2017-04-24,29.64000,29.71000,29.32000,29.40000,29.40000,1938100
2017-04-25,29.41000,29.57000,29.26000,29.29000,29.29000,1927600
2017-04-26,29.37000,29.50000,29.23000,29.39000,29.39000,1823400
2017-04-27,29.48000,29.48000,29.24000,29.39000,29.39000,1716600
2017-04-28,29.35000,29.35000,28.44000,28.78000,28.78000,3527900
2017-05-01,28.94000,29.00000,27.96000,27.98000,27.98000,4344200
2017-05-02,28.08000,28.28000,27.38000,27.96000,27.96000,3994400
2017-05-03,27.82000,27.87000,26.39000,26.78000,26.78000,7581900
2017-05-04,26.72000,26.99000,26.00000,26.63000,26.63000,7961200
2017-05-05,26.78000,27.12000,26.74000,27.09000,27.09000,4073300
2017-05-08,27.40000,27.40000,26.56000,27.25000,27.25000,5843800
2017-05-09,26.47000,26.90000,25.79000,26.66000,26.66000,6171800
2017-05-10,26.49000,26.60000,26.00000,26.11000,26.11000,5312200
2017-05-11,26.10000,26.39000,25.90000,26.33000,26.33000,3150700
2017-05-12,26.32000,26.39000,26.00000,26.07000,26.07000,1791300
2017-05-15,26.04000,26.19000,25.89000,26.01000,26.01000,2565400
2017-05-16,26.01000,26.06000,25.22000,25.58000,25.58000,3455700
2017-05-17,25.43000,25.57000,25.07000,25.11000,25.11000,3577500
2017-05-18,25.02000,25.40000,24.88000,25.18000,25.18000,1896100
2017-05-19,25.13000,25.93000,25.08000,25.87000,25.87000,2324300
2017-05-22,25.81000,26.27000,25.77000,26.21000,26.21000,2855400
2017-05-23,26.16000,26.20000,25.47000,25.63000,25.63000,3219800
2017-05-24,25.73000,25.81000,25.27000,25.46000,25.46000,2926500
2017-05-25,25.52000,25.86000,25.45000,25.60000,25.60000,2522000
2017-05-26,25.66000,25.87000,25.55000,25.87000,25.87000,1837500
2017-05-30,25.90000,26.24000,25.76000,26.20000,26.20000,3552000
2017-05-31,26.21000,26.95000,25.99000,26.50000,26.50000,5265100
2017-06-01,26.50000,26.78000,26.16000,26.74000,26.74000,2672400
2017-06-02,26.67000,26.95000,26.45000,26.49000,26.49000,2165700
2017-06-05,26.39000,26.47000,25.89000,26.21000,26.21000,2476500
2017-06-06,26.02000,26.29000,25.90000,26.16000,26.16000,2612000
2017-06-07,26.20000,26.43000,26.06000,26.41000,26.41000,3637900
2017-06-08,26.49000,26.49000,25.98000,26.07000,26.07000,3517600
2017-06-09,26.07000,26.28000,25.53000,26.10000,26.10000,4043100
2017-06-12,26.08000,27.23000,26.04000,26.59000,26.59000,5515400
2017-06-13,26.57000,26.60000,26.13000,26.44000,26.44000,1993700
2017-06-14,26.53000,26.62000,26.01000,26.27000,26.27000,2046500
2017-06-15,26.09000,26.50000,26.09000,26.41000,26.41000,2044400
2017-06-16,26.28000,26.54000,26.08000,26.52000,26.52000,2257500
2017-06-19,26.57000,26.65000,26.40000,26.43000,26.43000,1925100
2017-06-20,26.35000,26.42000,25.50000,25.51000,25.51000,2682800
2017-06-21,25.56000,25.69000,25.09000,25.58000,25.58000,3490600
2017-06-22,25.64000,25.75000,25.33000,25.52000,25.52000,2095500
2017-06-23,25.51000,25.82000,25.39000,25.79000,25.79000,4660900
2017-06-26,25.84000,26.35000,25.78000,26.20000,26.20000,1949500
2017-06-27,26.11000,26.34000,26.05000,26.13000,26.13000,2508600
2017-06-28,26.26000,26.55000,26.04000,26.14000,26.14000,3171300
2017-06-29,26.11000,26.36000,25.76000,26.00000,26.00000,2708400
2017-06-30,26.15000,26.15000,25.67000,25.83000,25.83000,3061800
2017-07-03,26.03000,26.69000,26.03000,26.20000,26.20000,1333600
2017-07-05,26.21000,26.43000,26.05000,26.08000,26.08000,1912200
2017-07-06,25.97000,26.01000,25.65000,25.78000,25.78000,1545400
2017-07-07,25.78000,25.95000,25.44000,25.82000,25.82000,1711000
2017-07-10,25.83000,26.31000,25.76000,26.25000,26.25000,2661300
2017-07-11,26.13000,26.29000,26.01000,26.20000,26.20000,1429600
2017-07-12,26.44000,26.45000,26.09000,26.17000,26.17000,1211700
2017-07-13,26.09000,26.37000,26.06000,26.16000,26.16000,1554000
2017-07-14,26.25000,26.44000,26.20000,26.22000,26.22000,1634500
2017-07-17,26.24000,26.52000,26.07000,26.40000,26.40000,2750100
2017-07-18,26.27000,26.38000,25.85000,26.05000,26.05000,1989400
2017-07-19,27.79000,27.92000,26.66000,27.18000,27.18000,12387700
2017-07-20,27.18000,27.59000,26.58000,26.60000,26.60000,5858000
2017-07-21,26.65000,26.75000,26.33000,26.55000,26.55000,3502000
2017-07-24,26.49000,26.60000,26.29000,26.49000,26.49000,2253400
2017-07-25,26.49000,26.64000,25.62000,25.93000,25.93000,7499200
2017-07-26,25.90000,26.78000,25.90000,26.58000,26.58000,4456600
2017-07-27,25.90000,26.86000,25.52000,26.39000,26.39000,12714200
2017-07-28,26.34000,26.87000,26.12000,26.80000,26.80000,6784500
2017-07-31,26.40000,26.42000,24.19000,24.60000,24.60000,25688700
2017-08-01,24.77000,24.96000,24.14000,24.38000,24.38000,8105800
2017-08-02,24.55000,25.04000,24.31000,25.01000,25.01000,5025100
2017-08-03,24.93000,25.04000,24.69000,24.74000,24.74000,3960700
2017-08-04,24.86000,24.86000,23.68000,23.73000,23.73000,7408000
2017-08-07,23.79000,24.31000,23.77000,24.25000,24.25000,4762300
2017-08-08,24.47000,24.68000,24.14000,24.30000,24.30000,3261900
2017-08-09,24.00000,24.17000,23.04000,23.60000,23.60000,6880100
2017-08-10,23.49000,23.62000,22.87000,23.00000,23.00000,3807500
2017-08-11,23.03000,23.15000,22.82000,22.91000,22.91000,3274400
2017-08-14,23.11000,23.28000,22.86000,22.90000,22.90000,3522600
2017-08-15,22.85000,23.00000,22.72000,22.76000,22.76000,2270800
2017-08-16,22.98000,23.10000,22.51000,22.60000,22.60000,4263500
2017-08-17,22.47000,22.59000,22.12000,22.24000,22.24000,4143700
2017-08-18,22.27000,22.73000,22.23000,22.49000,22.49000,4179200
2017-08-21,22.49000,22.61000,22.19000,22.34000,22.34000,2601800
2017-08-22,22.39000,22.53000,22.27000,22.49000,22.49000,2858600
2017-08-23,22.43000,22.66000,22.41000,22.49000,22.49000,2347500
2017-08-24,22.44000,22.65000,22.38000,22.52000,22.52000,2072600
2017-08-25,22.57000,22.78000,22.50000,22.66000,22.66000,2418600
2017-08-28,22.71000,23.31000,22.70000,22.81000,22.81000,4610400
2017-08-29,22.56000,22.66000,22.12000,22.45000,22.45000,3896000
2017-08-30,22.45000,22.48000,22.17000,22.19000,22.19000,2739100
2017-08-31,22.13000,22.26000,22.11000,22.21000,22.21000,2606100
2017-09-01,22.27000,22.49000,22.13000,22.16000,22.16000,1770100
2017-09-05,22.17000,22.36000,21.49000,21.62000,21.62000,2556600
2017-09-06,21.63000,21.99000,21.54000,21.86000,21.86000,2667300
2017-09-07,21.94000,22.00000,21.15000,21.34000,21.34000,6688100
2017-09-08,21.33000,21.35000,20.72000,21.25000,21.25000,4058100
2017-09-11,21.40000,21.57000,20.78000,20.80000,20.80000,5083300
2017-09-12,20.87000,21.23000,20.53000,21.00000,21.00000,6402900
2017-09-13,21.02000,21.28000,20.95000,21.20000,21.20000,2722600
2017-09-14,21.13000,21.53000,21.09000,21.48000,21.48000,5658300
2017-09-15,21.60000,21.99000,21.29000,21.94000,21.94000,7494700
2017-09-18,21.98000,21.98000,21.20000,21.32000,21.32000,4772400
2017-09-19,21.32000,21.32000,20.14000,21.29000,21.29000,3747500
2017-09-20,21.37000,21.41000,21.16000,21.26000,21.26000,3982200
2017-09-21,21.37000,21.42000,21.21000,21.35000,21.35000,2197600
2017-09-22,21.34000,21.54000,21.23000,21.41000,21.41000,2373800
2017-09-25,21.35000,21.56000,21.26000,21.35000,21.35000,1951200
2017-09-26,21.78000,21.78000,21.25000,21.28000,21.28000,2447700
2017-09-27,21.34000,21.54000,21.07000,21.47000,21.47000,2288800
2017-09-28,21.41000,21.42000,21.20000,21.39000,21.39000,1995700
2017-09-29,21.36000,21.58000,21.27000,21.29000,21.29000,2477300
2017-10-02,21.25000,21.59000,21.25000,21.53000,21.53000,2332500
2017-10-03,21.51000,21.55000,21.35000,21.53000,21.53000,1824900
2017-10-04,21.47000,21.80000,21.46000,21.72000,21.72000,2416300
2017-10-05,21.74000,21.88000,21.40000,21.52000,21.52000,3158900
2017-10-06,21.52000,21.60000,21.24000,21.41000,21.41000,2516700
2017-10-09,21.31000,21.35000,20.73000,20.83000,20.83000,3342900
2017-10-10,20.82000,20.92000,20.29000,20.53000,20.53000,3237600
2017-10-11,20.56000,20.60000,19.95000,20.00000,20.00000,3968500
2017-10-12,19.82000,19.90000,19.27000,19.28000,19.28000,11046800
2017-10-13,19.30000,19.39000,19.01000,19.24000,19.24000,5121000
2017-10-16,19.30000,19.31000,18.98000,19.06000,19.06000,4760700
2017-10-17,18.97000,19.22000,18.61000,19.16000,19.16000,7846300
2017-10-18,19.28000,19.67000,19.16000,19.63000,19.63000,6599800
2017-10-19,19.55000,20.11000,19.50000,20.09000,20.09000,5212900
2017-10-20,20.19000,20.30000,20.04000,20.29000,20.29000,3350300
2017-10-23,20.27000,20.27000,19.59000,19.62000,19.62000,4113300
2017-10-24,19.58000,19.68000,19.43000,19.46000,19.46000,3764300
2017-10-25,19.37000,19.39000,19.07000,19.26000,19.26000,3119000
2017-10-26,19.24000,19.49000,19.11000,19.34000,19.34000,2572500
2017-10-27,19.20000,19.32000,18.76000,19.08000,19.08000,5013800
2017-10-30,19.02000,19.30000,18.91000,18.98000,18.98000,3885800
2017-10-31,18.99000,19.11000,18.60000,18.88000,18.88000,6101900
2017-11-01,18.94000,19.32000,18.77000,19.16000,19.16000,6748500
2017-11-02,18.51000,18.60000,17.00000,17.31000,17.31000,16160800
2017-11-03,17.21000,17.21000,16.20000,16.52000,16.52000,10261700
2017-11-06,16.47000,17.27000,16.42000,17.10000,17.10000,10553400
2017-11-07,17.41000,18.09000,17.24000,17.33000,17.33000,9893700
2017-11-08,17.22000,17.48000,17.01000,17.10000,17.10000,5534500
2017-11-09,17.04000,17.71000,16.96000,17.17000,17.17000,5462700
2017-11-10,17.23000,17.34000,17.05000,17.19000,17.19000,3376800
2017-11-13,17.17000,17.20000,16.58000,16.99000,16.99000,4086200
2017-11-14,16.89000,16.97000,16.22000,16.28000,16.28000,4648500
2017-11-15,16.27000,16.79000,15.99000,16.72000,16.72000,3876900
2017-11-16,16.68000,16.79000,16.14000,16.76000,16.76000,7194100
2017-11-17,17.39000,17.73000,16.82000,17.55000,17.55000,6901700
2017-11-20,17.55000,17.57000,17.10000,17.36000,17.36000,6616200
2017-11-21,17.39000,17.49000,16.98000,17.25000,17.25000,4861300
2017-11-22,17.32000,17.98000,17.15000,17.79000,17.79000,4446200
2017-11-24,17.74000,17.82000,17.47000,17.50000,17.50000,2263100
2017-11-27,17.52000,17.56000,17.20000,17.47000,17.47000,3781000
2017-11-28,17.44000,17.98000,17.23000,17.97000,17.97000,4286000
2017-11-29,17.97000,18.89000,17.87000,18.87000,18.87000,8084900
2017-11-30,19.00000,19.16000,18.50000,19.02000,19.02000,10490400
2017-12-01,18.90000,19.60000,18.79000,19.46000,19.46000,11037700
2017-12-04,19.67000,20.98000,19.63000,20.85000,20.85000,14287800
2017-12-05,20.78000,20.91000,19.79000,19.86000,19.86000,9529000
2017-12-06,20.08000,20.14000,19.39000,19.44000,19.44000,6044700
2017-12-07,19.35000,19.69000,19.03000,19.53000,19.53000,5741800
2017-12-08,19.58000,19.89000,19.32000,19.66000,19.66000,4223700
2017-12-11,19.65000,20.05000,19.45000,19.77000,19.77000,6460600
2017-12-12,19.85000,19.87000,19.38000,19.65000,19.65000,4485000
2017-12-13,19.60000,19.92000,19.11000,19.79000,19.79000,5523700
2017-12-14,19.79000,20.33000,19.50000,20.04000,20.04000,4285200
2017-12-15,20.77000,21.74000,20.47000,21.04000,21.04000,19056100
2017-12-18,21.37000,21.72000,20.77000,21.64000,21.64000,6667000
2017-12-19,21.64000,22.16000,21.41000,22.01000,22.01000,5938900
2017-12-20,22.01000,22.47000,21.95000,22.37000,22.37000,7442000
2017-12-21,23.18000,23.89000,22.95000,23.36000,23.36000,12797100
2017-12-22,23.27000,23.83000,23.09000,23.73000,23.73000,4745700
2017-12-26,23.63000,24.10000,23.46000,23.57000,23.57000,3729000
2017-12-27,23.73000,23.76000,23.01000,23.05000,23.05000,4230300
2017-12-28,23.05000,23.10000,22.33000,22.55000,22.55000,4675800
2017-12-29,22.64000,22.80000,22.36000,22.38000,22.38000,2893200
2018-01-02,22.96000,23.37000,22.43000,23.11000,23.11000,5028200
2018-01-03,23.18000,23.34000,22.59000,22.62000,22.62000,5292900
2018-01-04,22.68000,22.71000,21.88000,22.13000,22.13000,7875900
2018-01-05,22.18000,22.23000,21.58000,22.00000,22.00000,8498800
2018-01-08,22.05000,22.41000,21.79000,22.37000,22.37000,4103800
2018-01-09,22.30000,22.61000,21.58000,21.65000,21.65000,5595000
2018-01-10,21.53000,23.12000,21.13000,22.83000,22.83000,10068500
2018-01-11,22.94000,24.05000,22.86000,24.01000,24.01000,7532600
2018-01-12,24.07000,24.37000,23.73000,24.33000,24.33000,4081800
2018-01-16,24.40000,24.89000,24.31000,24.53000,24.53000,5526300
2018-01-17,24.48000,25.14000,24.29000,24.70000,24.70000,5115900
2018-01-18,24.60000,25.78000,24.59000,25.59000,25.59000,5098700
2018-01-19,25.58000,25.74000,25.16000,25.71000,25.71000,4177000
2018-01-22,25.73000,26.50000,25.58000,26.33000,26.33000,4751200
2018-01-23,26.23000,26.23000,25.36000,25.70000,25.70000,4565700
2018-01-24,25.64000,26.11000,25.50000,26.01000,26.01000,2880900
2018-01-25,26.07000,26.13000,25.57000,25.73000,25.73000,3898800
2018-01-26,25.70000,26.06000,25.56000,26.04000,26.04000,2620400
2018-01-29,25.90000,26.11000,25.62000,25.91000,25.91000,3469700
2018-01-30,25.68000,26.08000,24.84000,24.97000,24.97000,6383500
2018-01-31,25.12000,25.51000,24.77000,25.07000,25.07000,4630300
2018-02-01,24.92000,25.60000,24.90000,25.28000,25.28000,4691300
2018-02-02,25.07000,25.25000,23.57000,23.81000,23.81000,7838600
2018-02-05,23.64000,23.84000,22.74000,22.78000,22.78000,9456100
2018-02-06,22.38000,24.16000,22.15000,23.84000,23.84000,6550000
2018-02-07,23.89000,24.49000,22.81000,23.12000,23.12000,5371800
2018-02-08,23.12000,23.88000,22.86000,22.87000,22.87000,5046900
2018-02-09,22.82000,22.98000,21.37000,22.61000,22.61000,6930400
2018-02-12,22.69000,23.52000,22.54000,23.09000,23.09000,3822100
2018-02-13,22.96000,23.63000,22.88000,23.53000,23.53000,3807000
2018-02-14,23.26000,23.87000,23.26000,23.83000,23.83000,4356400
2018-02-15,24.05000,24.12000,23.66000,24.04000,24.04000,3789100
2018-02-16,23.99000,24.13000,23.70000,23.86000,23.86000,2951400
2018-02-20,23.93000,24.71000,23.89000,24.31000,24.31000,4468400
2018-02-21,24.21000,24.54000,24.07000,24.09000,24.09000,3759700
2018-02-22,24.18000,24.50000,23.75000,23.80000,23.80000,3738700
2018-02-23,23.89000,24.10000,23.57000,24.01000,24.01000,3070800
2018-02-26,24.04000,25.25000,23.95000,25.17000,25.17000,7395200
2018-02-27,25.21000,26.67000,24.30000,26.04000,26.04000,10644300
2018-02-28,25.29000,25.40000,24.30000,24.32000,24.32000,15719900
2018-03-01,24.49000,24.71000,23.83000,24.06000,24.06000,5712700
2018-03-02,23.85000,24.74000,23.83000,24.67000,24.67000,6557400
2018-03-05,24.42000,24.85000,24.31000,24.54000,24.54000,5975800
2018-03-06,24.69000,24.80000,24.12000,24.42000,24.42000,5445400
2018-03-07,24.22000,24.23000,22.96000,23.94000,23.94000,9295100
2018-03-08,24.03000,24.16000,23.60000,23.96000,23.96000,5158100
2018-03-09,24.18000,24.50000,23.91000,24.19000,24.19000,5069400
2018-03-12,24.45000,24.61000,24.23000,24.42000,24.42000,3819800
2018-03-13,24.44000,24.83000,24.17000,24.25000,24.25000,4611200
2018-03-14,24.13000,24.31000,23.83000,24.07000,24.07000,3088000
2018-03-15,24.03000,24.03000,23.27000,23.40000,23.40000,5132000
2018-03-16,23.53000,23.70000,23.21000,23.21000,23.21000,5272400
2018-03-19,23.15000,23.23000,22.62000,22.95000,22.95000,3863000
2018-03-20,22.96000,23.09000,21.76000,21.99000,21.99000,7741300
2018-03-21,22.00000,22.48000,21.93000,22.16000,22.16000,7385700
2018-03-22,22.21000,22.35000,21.39000,21.52000,21.52000,11906300
2018-03-23,21.54000,21.72000,21.03000,21.08000,21.08000,5049400
2018-03-26,21.37000,21.81000,20.98000,21.74000,21.74000,9728400
2018-03-27,21.72000,22.20000,21.55000,21.68000,21.68000,4162500
2018-03-28,21.67000,21.93000,21.07000,21.17000,21.17000,4578900
2018-03-29,21.21000,21.61000,20.98000,21.43000,21.43000,6121100
2018-04-02,21.66000,22.12000,21.45000,21.58000,21.58000,6425400
2018-04-03,21.73000,22.04000,21.42000,22.03000,22.03000,4369200
2018-04-04,21.69000,22.60000,21.62000,22.54000,22.54000,4248700
2018-04-05,22.65000,22.75000,22.42000,22.63000,22.63000,4301600
2018-04-06,22.66000,23.05000,22.40000,22.62000,22.62000,5525400
2018-04-09,22.79000,22.91000,22.48000,22.53000,22.53000,2543800
2018-04-10,22.81000,22.92000,22.57000,22.60000,22.60000,4071300
2018-04-11,22.41000,22.62000,22.23000,22.55000,22.55000,6434800
2018-04-12,22.72000,23.26000,22.51000,23.18000,23.18000,5765000
2018-04-13,23.12000,23.35000,22.71000,22.83000,22.83000,4972900
2018-04-16,22.90000,23.47000,22.46000,23.40000,23.40000,4079000
2018-04-17,23.67000,23.90000,23.40000,23.77000,23.77000,4227800
2018-04-18,23.86000,24.09000,23.49000,23.51000,23.51000,3467900
2018-04-19,23.62000,23.73000,23.26000,23.38000,23.38000,3914900
2018-04-20,23.53000,23.72000,22.96000,23.16000,23.16000,5190100
2018-04-23,23.19000,23.89000,23.07000,23.77000,23.77000,5198000
2018-04-24,24.48000,24.75000,23.82000,23.94000,23.94000,5833300
2018-04-25,23.91000,24.23000,23.65000,24.10000,24.10000,4580300
2018-04-26,24.10000,24.24000,23.87000,24.15000,24.15000,4454300
2018-04-27,24.20000,24.25000,23.77000,23.95000,23.95000,5760300
2018-04-30,24.00000,24.02000,23.63000,23.65000,23.65000,3933600
2018-05-01,23.88000,24.19000,23.68000,24.01000,24.01000,4865000
2018-05-02,23.93000,24.30000,23.58000,23.58000,23.58000,7724800
2018-05-03,23.74000,23.74000,22.61000,22.87000,22.87000,9229900
2018-05-04,22.78000,23.43000,22.78000,23.16000,23.16000,7838100
2018-05-07,23.28000,23.41000,23.08000,23.39000,23.39000,5459700
2018-05-08,23.81000,24.80000,22.83000,23.05000,23.05000,10834900
2018-05-09,23.04000,23.21000,22.26000,22.28000,22.28000,8226500
2018-05-10,22.36000,23.84000,22.20000,23.82000,23.82000,7515700
2018-05-11,23.84000,24.22000,23.59000,24.03000,24.03000,6370100
2018-05-14,24.00000,24.03000,23.46000,23.83000,23.83000,6634400
2018-05-15,23.70000,23.83000,22.83000,22.96000,22.96000,5618200
2018-05-16,23.02000,23.90000,22.68000,23.69000,23.69000,7616800
2018-05-17,23.69000,23.69000,22.80000,23.02000,23.02000,7260400
2018-05-18,22.88000,23.00000,22.40000,22.57000,22.57000,5861100
2018-05-21,22.70000,22.89000,22.53000,22.63000,22.63000,3717100
2018-05-22,22.71000,23.36000,22.52000,23.16000,23.16000,4489200
2018-05-23,23.11000,23.18000,22.30000,22.57000,22.57000,3726200
2018-05-24,22.56000,22.61000,22.12000,22.48000,22.48000,3541300
2018-05-25,22.44000,22.54000,22.24000,22.34000,22.34000,2153400
2018-05-29,22.24000,22.26000,21.68000,21.90000,21.90000,3358300
2018-05-30,22.04000,22.04000,21.39000,21.40000,21.40000,5103200
2018-05-31,21.41000,21.42000,20.60000,21.09000,21.09000,7977000
2018-06-01,21.18000,21.26000,20.74000,20.95000,20.95000,6303600
2018-06-04,21.27000,21.50000,20.69000,21.09000,21.09000,6746100
2018-06-05,21.52000,22.25000,21.45000,21.74000,21.74000,6744400
2018-06-06,21.69000,22.42000,21.23000,22.36000,22.36000,6774500
2018-06-07,22.27000,22.87000,22.19000,22.77000,22.77000,5757700
2018-06-08,22.65000,23.12000,22.65000,23.02000,23.02000,5564400
2018-06-11,23.01000,24.37000,22.96000,23.89000,23.89000,6169900
2018-06-12,23.91000,24.09000,23.66000,24.02000,24.02000,5841000
2018-06-13,24.88000,25.29000,24.39000,24.41000,24.41000,10595900
2018-06-14,24.68000,25.51000,24.61000,25.50000,25.50000,5015100
2018-06-15,25.78000,27.25000,25.52000,27.17000,27.17000,12567100
2018-06-18,26.69000,27.32000,26.18000,27.21000,27.21000,7719500
2018-06-19,27.01000,27.61000,26.79000,27.55000,27.55000,6021400
2018-06-20,27.60000,28.43000,27.40000,28.21000,28.21000,7444300
2018-06-21,28.29000,28.29000,27.59000,27.94000,27.94000,6057800
2018-06-22,28.19000,28.56000,27.99000,28.12000,28.12000,5448700
2018-06-25,27.98000,28.44000,27.68000,28.10000,28.10000,5863300
2018-06-26,28.04000,28.10000,27.56000,27.94000,27.94000,6799600
2018-06-27,28.10000,28.61000,27.90000,28.19000,28.19000,4710700
2018-06-28,28.18000,28.78000,28.02000,28.48000,28.48000,3670900
2018-06-29,28.56000,28.56000,27.49000,27.50000,27.50000,4088000
2018-07-02,27.48000,27.63000,27.08000,27.42000,27.42000,3969400
2018-07-03,27.60000,27.68000,27.19000,27.36000,27.36000,1896800
2018-07-05,27.43000,27.72000,27.07000,27.64000,27.64000,3882700
2018-07-06,27.61000,28.16000,27.41000,27.87000,27.87000,2739500
2018-07-09,27.90000,28.32000,27.55000,28.30000,28.30000,2781400
2018-07-10,28.21000,28.47000,27.70000,28.40000,28.40000,3141400
2018-07-11,28.23000,28.51000,27.62000,27.67000,27.67000,4688400
2018-07-12,27.77000,28.03000,27.51000,27.56000,27.56000,2346300
2018-07-13,27.50000,27.77000,27.24000,27.44000,27.44000,2833700
2018-07-16,27.51000,27.72000,27.11000,27.35000,27.35000,2569100
2018-07-17,27.14000,27.34000,25.99000,26.38000,26.38000,4731200
2018-07-18,26.44000,26.86000,26.36000,26.58000,26.58000,2971300
2018-07-19,27.10000,27.33000,26.54000,26.69000,26.69000,4411800
2018-07-20,26.60000,26.67000,26.28000,26.58000,26.58000,2595600
2018-07-23,26.46000,26.72000,26.38000,26.70000,26.70000,2214800
2018-07-24,26.92000,26.92000,26.03000,26.07000,26.07000,2822300
2018-07-25,26.12000,26.41000,25.74000,25.87000,25.87000,3270600
2018-07-26,26.00000,26.78000,25.99000,26.25000,26.25000,2703500
2018-07-27,26.25000,26.46000,25.73000,26.03000,26.03000,2494600
2018-07-30,26.03000,26.50000,25.96000,26.15000,26.15000,2085699
2018-07-31,26.30000,26.66000,26.00000,26.58000,26.58000,2802800
2018-08-01,26.39000,26.55000,25.91000,26.22000,26.22000,2404500
2018-08-02,26.13000,26.58000,25.98000,26.56000,26.56000,2786400
2018-08-03,26.37000,27.16000,26.37000,27.06000,27.06000,3729100
2018-08-06,27.02000,27.26000,26.76000,26.92000,26.92000,3913400
2018-08-07,26.09000,26.10000,24.72000,25.55000,25.55000,8078600
2018-08-08,25.38000,26.20000,25.36000,25.65000,25.65000,4608200
2018-08-09,25.78000,26.56000,25.51000,26.10000,26.10000,3708400
2018-08-10,26.00000,26.06000,25.60000,25.99000,25.99000,3048400
2018-08-13,26.01000,26.33000,25.67000,25.89000,25.89000,2913900
2018-08-14,26.00000,26.58000,26.00000,26.42000,26.42000,3913400
2018-08-15,26.30000,26.34000,25.89000,26.06000,26.06000,3556700
2018-08-16,26.15000,26.53000,26.10000,26.39000,26.39000,2855600
2018-08-17,26.43000,27.01000,26.29000,26.95000,26.95000,3073800
2018-08-20,26.89000,27.98000,26.89000,27.92000,27.92000,3919400
2018-08-21,28.59000,29.72000,28.26000,29.55000,29.55000,6962400
2018-08-22,29.45000,29.59000,29.02000,29.07000,29.07000,4106500
2018-08-23,29.06000,29.09000,28.61000,28.79000,28.79000,2703000
2018-08-24,28.91000,29.09000,28.51000,28.54000,28.54000,2015700
2018-08-27,28.54000,28.95000,28.40000,28.77000,28.77000,2476100
2018-08-28,28.74000,28.90000,28.18000,28.29000,28.29000,3364400
2018-08-29,28.37000,28.59000,27.72000,28.34000,28.34000,2576600
2018-08-30,28.10000,28.34000,28.00000,28.18000,28.18000,2069199
2018-08-31,27.89000,28.28000,27.66000,27.83000,27.83000,2147700
2018-09-04,27.60000,27.89000,27.16000,27.47000,27.47000,3176100
2018-09-05,27.54000,27.93000,27.41000,27.46000,27.46000,5589100
2018-09-06,27.63000,28.04000,27.39000,27.62000,27.62000,3231500
2018-09-07,27.52000,28.24000,27.32000,27.95000,27.95000,3111800
2018-09-10,28.05000,28.35000,27.70000,28.30000,28.30000,2586500
2018-09-11,28.29000,28.82000,26.04000,28.51000,28.51000,2678500
2018-09-12,28.87000,31.06000,28.84000,30.70000,30.70000,8430000
2018-09-13,30.89000,32.17000,30.82000,31.84000,31.84000,8329299
2018-09-14,31.84000,32.65000,31.76000,32.18000,32.18000,5743100
2018-09-17,32.25000,32.37000,31.79000,32.02000,32.02000,3445900
2018-09-18,31.17000,31.77000,30.75000,31.58000,31.58000,5192400
2018-09-19,31.76000,32.20000,31.55000,32.05000,32.05000,3537500
2018-09-20,32.28000,32.42000,31.92000,32.26000,32.26000,3311600
2018-09-21,32.42000,32.52000,31.76000,31.80000,31.80000,4985200
2018-09-24,31.94000,32.38000,31.79000,31.91000,31.91000,3200900
2018-09-25,31.87000,32.22000,31.49000,31.55000,31.55000,3469500
2018-09-26,31.47000,31.79000,31.20000,31.51000,31.51000,4793100
2018-09-27,31.62000,32.08000,31.41000,31.91000,31.91000,2538700
2018-09-28,31.80000,32.12000,31.70000,32.00000,32.00000,3009000
2018-10-01,32.16000,32.65000,32.00000,32.42000,32.42000,4763700
2018-10-02,32.53000,32.99000,32.27000,32.86000,32.86000,5166600
2018-10-03,33.17000,33.65000,32.71000,33.32000,33.32000,3950600
2018-10-04,33.22000,33.41000,32.75000,33.15000,33.15000,4463500
2018-10-05,33.05000,34.06000,32.90000,32.93000,32.93000,5772700
2018-10-08,32.99000,33.11000,32.09000,33.01000,33.01000,3542200
2018-10-09,33.02000,33.02000,32.32000,32.36000,32.36000,3269100
2018-10-10,33.31000,33.42000,32.04000,32.06000,32.06000,4888100
2018-10-11,31.94000,32.09000,30.59000,31.02000,31.02000,4277500
2018-10-12,31.46000,32.07000,31.35000,31.76000,31.76000,3479100
2018-10-15,31.78000,32.51000,31.70000,32.30000,32.30000,3056400
2018-10-16,32.57000,33.16000,32.35000,33.06000,33.06000,4360700
2018-10-17,33.15000,33.49000,32.81000,33.05000,33.05000,4962800
2018-10-18,33.02000,33.39000,32.72000,33.13000,33.13000,4871700
2018-10-19,33.34000,33.74000,32.36000,33.40000,33.40000,4619800
2018-10-22,33.47000,33.69000,33.12000,33.38000,33.38000,5151500
2018-10-23,33.03000,33.09000,32.12000,32.78000,32.78000,4710800
2018-10-24,32.80000,32.80000,29.79000,29.82000,29.82000,6777000
2018-10-25,30.41000,31.51000,30.18000,30.94000,30.94000,5258600
2018-10-26,30.17000,30.75000,29.81000,30.13000,30.13000,4136800
2018-10-29,30.78000,31.44000,29.83000,30.36000,30.36000,4507300
2018-10-30,30.41000,31.89000,30.27000,31.25000,31.25000,4244300
2018-10-31,31.65000,32.78000,31.26000,32.39000,32.39000,3772500
2018-11-01,32.41000,33.11000,32.32000,33.05000,33.05000,4224400
2018-11-02,33.13000,33.78000,32.07000,32.31000,32.31000,4540500
2018-11-05,32.61000,33.22000,32.26000,33.20000,33.20000,4340200
2018-11-06,33.24000,33.47000,32.89000,33.29000,33.29000,3341300
2018-11-07,33.48000,33.50000,32.44000,33.08000,33.08000,5708900
2018-11-08,33.69000,34.89000,33.25000,33.80000,33.80000,6324900
2018-11-09,33.17000,34.47000,32.74000,32.98000,32.98000,4345800
2018-11-12,33.15000,33.29000,32.31000,32.41000,32.41000,2849300
2018-11-13,32.54000,32.98000,31.93000,32.11000,32.11000,3371800
2018-11-14,32.38000,32.66000,31.70000,31.92000,31.92000,5140700
2018-11-15,31.63000,32.08000,31.39000,31.76000,31.76000,4002900
2018-11-16,31.50000,31.77000,30.85000,31.44000,31.44000,4051700
2018-11-19,31.27000,31.47000,30.39000,30.47000,30.47000,4231600
2018-11-20,30.08000,30.22000,29.12000,29.51000,29.51000,4520500
2018-11-21,29.90000,30.88000,29.90000,30.36000,30.36000,4268000
2018-11-23,30.34000,30.60000,29.78000,30.43000,30.43000,1457200
2018-11-26,30.67000,30.87000,29.86000,30.14000,30.14000,2822700
2018-11-27,30.06000,30.39000,29.93000,30.13000,30.13000,2829600
2018-11-28,30.28000,31.38000,30.01000,31.31000,31.31000,3262200
2018-11-29,31.23000,31.88000,31.01000,31.63000,31.63000,3442100
2018-11-30,31.68000,31.73000,30.54000,30.72000,30.72000,5420600
2018-12-03,30.59000,30.72000,27.71000,28.20000,28.20000,13947700
2018-12-04,28.57000,29.13000,27.78000,27.98000,27.98000,8598700
2018-12-06,27.61000,29.17000,27.56000,29.15000,29.15000,6958600
2018-12-07,29.11000,29.55000,28.64000,28.93000,28.93000,6862100
2018-12-10,28.87000,29.07000,27.66000,28.37000,28.37000,4953200
2018-12-11,28.73000,29.14000,27.71000,27.94000,27.94000,3560300
2018-12-12,28.42000,28.84000,28.25000,28.38000,28.38000,4334500
2018-12-13,28.31000,28.57000,27.63000,27.97000,27.97000,4386700
2018-12-14,27.78000,28.43000,27.59000,27.97000,27.97000,4358300
2018-12-17,27.81000,28.24000,27.40000,27.52000,27.52000,3995900
2018-12-18,27.63000,27.84000,26.72000,26.90000,26.90000,4519800
2018-12-19,27.01000,27.59000,26.68000,26.88000,26.88000,6556800
2018-12-20,26.70000,26.89000,25.51000,25.86000,25.86000,6556700
2018-12-21,25.78000,26.59000,24.94000,25.05000,25.05000,6623200
2018-12-24,24.81000,25.05000,24.38000,24.47000,24.47000,2378200
2018-12-26,24.60000,25.57000,24.19000,25.55000,25.55000,3324300
2018-12-27,25.00000,25.08000,23.79000,24.78000,24.78000,3505800
2018-12-28,24.85000,25.05000,24.40000,24.64000,24.64000,3404300
2018-12-31,24.92000,24.93000,24.09000,24.74000,24.74000,4095800
2019-01-02,24.37000,25.85000,24.11000,25.83000,25.83000,4595500
2019-01-03,25.47000,25.95000,24.97000,25.68000,25.68000,4947900
2019-01-04,25.97000,26.42000,25.91000,26.14000,26.14000,3856100
2019-01-07,26.09000,26.83000,25.80000,26.53000,26.53000,4022900
2019-01-08,26.74000,27.46000,26.62000,27.24000,27.24000,3447900
2019-01-09,27.38000,27.70000,27.20000,27.28000,27.28000,3766400
2019-01-10,27.10000,27.17000,26.57000,26.81000,26.81000,3311100
2019-01-11,26.63000,27.28000,26.50000,27.12000,27.12000,2842100
2019-01-14,26.89000,27.08000,26.57000,27.00000,27.00000,2963600
2019-01-15,27.11000,27.39000,26.98000,27.10000,27.10000,1844900
2019-01-16,27.21000,27.52000,27.06000,27.11000,27.11000,2475100
2019-01-17,27.05000,27.48000,26.95000,27.30000,27.30000,2344600
2019-01-18,27.42000,27.90000,27.21000,27.71000,27.71000,3268900
2019-01-22,27.60000,27.73000,26.44000,26.60000,26.60000,3788000
2019-01-23,26.80000,27.13000,26.25000,26.56000,26.56000,2646900
2019-01-24,26.66000,27.51000,26.42000,27.32000,27.32000,4545100
2019-01-25,27.52000,27.75000,27.40000,27.68000,27.68000,2697900
2019-01-28,27.40000,27.84000,27.23000,27.79000,27.79000,2422300
2019-01-29,27.82000,27.82000,27.29000,27.40000,27.40000,1671500
2019-01-30,27.00000,27.25000,25.08000,26.74000,26.74000,10363500
2019-01-31,27.38000,28.43000,27.29000,28.38000,28.38000,6690000
2019-02-01,28.50000,28.78000,28.02000,28.56000,28.56000,3805600
2019-02-04,28.62000,28.77000,28.21000,28.29000,28.29000,4164399
2019-02-05,28.37000,29.59000,28.30000,29.04000,29.04000,4842600
2019-02-06,29.11000,29.39000,28.86000,29.12000,29.12000,3521800
2019-02-07,28.98000,29.21000,28.21000,28.64000,28.64000,3221800
2019-02-08,28.52000,29.22000,28.23000,29.19000,29.19000,3036400
2019-02-11,29.35000,29.35000,28.44000,28.64000,28.64000,3981000
2019-02-12,28.80000,29.29000,28.09000,28.13000,28.13000,4687700
2019-02-13,28.10000,28.45000,27.97000,28.32000,28.32000,4935700
2019-02-14,28.18000,29.17000,27.82000,28.77000,28.77000,3820000
2019-02-15,29.09000,29.41000,28.87000,29.30000,29.30000,3200000
2019-02-19,29.34000,29.37000,28.93000,29.06000,29.06000,2351700
2019-02-20,29.02000,29.29000,28.80000,29.09000,29.09000,1924900
2019-02-21,29.14000,29.19000,28.71000,29.00000,29.00000,2593000
2019-02-22,29.01000,29.47000,28.95000,29.21000,29.21000,2158600
2019-02-25,29.50000,29.69000,29.11000,29.21000,29.21000,6414800
2019-02-26,28.11000,28.69000,26.86000,28.39000,28.39000,9522300
2019-02-27,28.50000,29.29000,28.15000,28.64000,28.64000,4971300
2019-02-28,28.63000,29.00000,28.46000,28.90000,28.90000,5948800
2019-03-01,29.05000,29.46000,28.91000,29.08000,29.08000,4019900
2019-03-04,29.11000,29.42000,28.48000,28.78000,28.78000,3007900
2019-03-05,28.78000,29.12000,28.57000,28.99000,28.99000,2395700
2019-03-06,29.29000,29.63000,28.70000,28.81000,28.81000,2531100
2019-03-07,28.79000,28.83000,28.29000,28.42000,28.42000,2156400
2019-03-08,28.28000,28.95000,28.26000,28.92000,28.92000,2810000
2019-03-11,28.91000,28.92000,27.99000,28.42000,28.42000,3289100
2019-03-12,28.49000,28.54000,28.22000,28.37000,28.37000,3347800
2019-03-13,28.53000,28.56000,26.80000,26.93000,26.93000,7269600
2019-03-14,27.10000,27.53000,26.75000,27.43000,27.43000,5023800
2019-03-15,27.52000,27.79000,27.25000,27.43000,27.43000,5391100
2019-03-18,27.30000,27.93000,27.13000,27.23000,27.23000,3482000
2019-03-19,27.32000,27.62000,27.12000,27.26000,27.26000,3304700
2019-03-20,27.07000,27.14000,26.10000,26.69000,26.69000,6072100
2019-03-21,26.34000,26.82000,26.23000,26.68000,26.68000,6061000
2019-03-22,26.56000,26.87000,26.08000,26.67000,26.67000,4861500
2019-03-25,26.84000,27.79000,26.65000,27.11000,27.11000,4043200
2019-03-26,27.21000,28.10000,27.10000,27.64000,27.64000,4641000
2019-03-27,27.66000,27.96000,27.46000,27.58000,27.58000,2636800
2019-03-28,27.60000,27.87000,26.87000,26.91000,26.91000,1964000
2019-03-29,27.00000,27.15000,26.75000,27.02000,27.02000,4493600
2019-04-01,27.47000,28.07000,27.40000,27.75000,27.75000,4004200
2019-04-02,27.79000,27.85000,27.29000,27.39000,27.39000,3380900
2019-04-03,27.58000,28.15000,27.35000,27.87000,27.87000,3377500
2019-04-04,27.87000,28.92000,27.87000,28.88000,28.88000,3607500
2019-04-05,29.00000,29.91000,28.99000,29.48000,29.48000,4464100
2019-04-08,29.42000,29.48000,28.82000,28.87000,28.87000,3871900
2019-04-09,28.89000,28.97000,28.58000,28.84000,28.84000,2337500
2019-04-10,28.78000,31.00000,28.73000,30.59000,30.59000,10635700
2019-04-11,30.78000,31.34000,30.06000,30.19000,30.19000,6015700
2019-04-12,30.28000,30.80000,29.65000,30.02000,30.02000,5015800
2019-04-15,29.95000,30.22000,29.86000,30.05000,30.05000,2287700
2019-04-16,30.16000,30.45000,29.80000,29.98000,29.98000,2084699
2019-04-17,30.10000,30.59000,30.00000,30.41000,30.41000,2886100
2019-04-18,30.60000,30.65000,30.05000,30.13000,30.13000,2685400
2019-04-22,30.13000,30.13000,28.85000,29.12000,29.12000,3814000
2019-04-23,29.06000,29.79000,29.06000,29.47000,29.47000,4026500
2019-04-24,28.85000,30.52000,28.85000,30.38000,30.38000,4505700
2019-04-25,30.30000,30.72000,29.53000,30.37000,30.37000,3674700
2019-04-26,30.40000,31.53000,30.38000,31.51000,31.51000,4524600
2019-04-29,31.54000,32.06000,31.36000,31.63000,31.63000,4569100
2019-04-30,31.65000,31.85000,30.72000,30.90000,30.90000,4050600
2019-05-01,30.90000,31.29000,30.58000,30.89000,30.89000,4534800
2019-05-02,31.73000,31.85000,28.84000,29.26000,29.26000,8866700
2019-05-03,29.45000,29.71000,29.03000,29.34000,29.34000,5192400
2019-05-06,28.99000,29.45000,28.70000,29.14000,29.14000,3645700
2019-05-07,28.88000,29.41000,28.52000,28.69000,28.69000,4053500
2019-05-08,28.55000,29.11000,28.45000,28.92000,28.92000,6335600
2019-05-09,28.80000,28.88000,27.95000,28.45000,28.45000,5160600
2019-05-10,28.40000,28.50000,27.74000,28.46000,28.46000,5222900
2019-05-13,28.05000,28.30000,27.31000,27.34000,27.34000,3771800
2019-05-14,27.38000,28.02000,27.38000,27.74000,27.74000,3332800
2019-05-15,27.70000,28.04000,27.42000,27.75000,27.75000,4904800
2019-05-16,27.93000,28.01000,27.50000,27.88000,27.88000,5071500
2019-05-17,27.66000,27.91000,27.45000,27.87000,27.87000,3423600
2019-05-20,27.65000,27.71000,27.15000,27.31000,27.31000,3492800
2019-05-21,27.43000,28.09000,27.41000,28.01000,28.01000,4551400
2019-05-22,27.94000,28.08000,27.39000,27.42000,27.42000,3044700
2019-05-23,27.18000,27.33000,26.82000,27.24000,27.24000,2755300
2019-05-24,27.42000,27.47000,26.98000,27.14000,27.14000,2556200
2019-05-28,27.29000,28.02000,27.28000,27.92000,27.92000,5389300
2019-05-29,27.74000,28.10000,27.23000,27.47000,27.47000,3593800
2019-05-30,27.44000,27.89000,27.05000,27.13000,27.13000,3128700
2019-05-31,27.17000,27.70000,27.03000,27.26000,27.26000,3633600
2019-06-03,27.25000,27.85000,27.00000,27.32000,27.32000,4131899
2019-06-04,27.56000,28.69000,27.56000,28.62000,28.62000,4954600
2019-06-05,28.49000,28.75000,27.80000,28.05000,28.05000,4172500
2019-06-06,28.07000,28.42000,28.00000,28.38000,28.38000,2844600
2019-06-07,28.50000,28.88000,28.38000,28.42000,28.42000,2563000
2019-06-10,28.52000,28.68000,28.18000,28.25000,28.25000,2317500
2019-06-11,28.45000,29.07000,28.36000,28.97000,28.97000,4220900
2019-06-12,29.00000,29.54000,28.87000,29.23000,29.23000,2551600
2019-06-13,29.42000,29.91000,29.18000,29.89000,29.89000,4069300
2019-06-14,29.35000,29.41000,28.89000,29.02000,29.02000,5004700
2019-06-17,29.11000,29.65000,28.64000,29.52000,29.52000,2808500
2019-06-18,29.65000,29.97000,29.42000,29.65000,29.65000,4151899
2019-06-19,29.82000,30.60000,29.73000,30.50000,30.50000,3949800
2019-06-20,30.63000,30.98000,30.43000,30.93000,30.93000,3931100
2019-06-21,30.88000,31.06000,30.56000,30.69000,30.69000,5349500
2019-06-24,30.63000,31.04000,30.52000,31.01000,31.01000,2859200
2019-06-25,31.12000,31.12000,29.75000,29.93000,29.93000,4453100
2019-06-26,30.02000,30.23000,29.49000,29.52000,29.52000,3711900
2019-06-27,29.59000,29.80000,29.18000,29.74000,29.74000,2068900
2019-06-28,29.98000,30.73000,29.86000,30.70000,30.70000,3747500
2019-07-01,31.06000,31.24000,30.03000,30.68000,30.68000,3806400
2019-07-02,30.73000,31.18000,30.56000,30.88000,30.88000,3813600
2019-07-03,31.02000,31.31000,30.81000,30.90000,30.90000,1680800
2019-07-05,30.71000,31.31000,30.61000,31.26000,31.26000,1967800
2019-07-08,31.25000,31.33000,30.99000,31.30000,31.30000,2533200
2019-07-09,31.15000,31.93000,31.14000,31.63000,31.63000,3252600
2019-07-10,31.87000,31.93000,31.23000,31.65000,31.65000,3323000
2019-07-11,31.80000,31.82000,31.43000,31.62000,31.62000,3289100
2019-07-12,31.72000,32.70000,31.50000,32.41000,32.41000,4959300
2019-07-15,32.53000,32.71000,32.18000,32.38000,32.38000,15071500
2019-07-16,32.44000,32.87000,32.24000,32.57000,32.57000,4304100
2019-07-17,32.52000,32.53000,31.78000,31.80000,31.80000,1861500
2019-07-18,31.80000,31.80000,31.18000,31.32000,31.32000,2349700
2019-07-19,31.38000,31.65000,31.26000,31.46000,31.46000,1993700
2019-07-22,31.46000,31.62000,30.93000,30.98000,30.98000,2364500
2019-07-23,31.03000,31.13000,30.33000,30.89000,30.89000,3757100
2019-07-24,30.71000,31.56000,30.43000,31.49000,31.49000,3706900
2019-07-25,31.28000,31.58000,31.13000,31.46000,31.46000,2631300
2019-07-26,31.54000,31.69000,31.20000,31.47000,31.47000,2806700
2019-07-29,31.50000,31.55000,30.93000,31.08000,31.08000,2508500
2019-07-30,30.87000,31.11000,30.63000,31.02000,31.02000,4336800
2019-07-31,30.94000,31.05000,30.03000,30.31000,30.31000,4103100
2019-08-01,30.28000,30.62000,29.73000,29.94000,29.94000,3718700
2019-08-02,29.79000,29.94000,28.73000,29.43000,29.43000,5964800
2019-08-05,28.83000,29.41000,28.65000,29.18000,29.18000,7176500
2019-08-06,29.97000,30.23000,29.20000,29.54000,29.54000,5895300
2019-08-07,29.34000,29.95000,28.89000,29.86000,29.86000,5531900
2019-08-08,29.99000,30.29000,29.48000,29.67000,29.67000,3685100
2019-08-09,29.49000,29.61000,29.03000,29.46000,29.46000,3134900
2019-08-12,29.23000,29.62000,29.20000,29.25000,29.25000,3522300
2019-08-13,29.12000,30.23000,29.12000,29.60000,29.60000,4308300
2019-08-14,29.17000,29.20000,27.36000,27.49000,27.49000,7318600
2019-08-15,27.57000,27.70000,26.70000,27.17000,27.17000,7293100
2019-08-16,27.39000,28.12000,27.28000,27.95000,27.95000,3017800
2019-08-19,28.26000,28.77000,28.26000,28.42000,28.42000,2958500
2019-08-20,28.49000,28.62000,28.18000,28.21000,28.21000,2205200
2019-08-21,27.94000,28.44000,27.66000,28.28000,28.28000,2688400
2019-08-22,28.33000,28.60000,28.03000,28.03000,28.03000,2636500
2019-08-23,27.89000,28.08000,26.88000,27.01000,27.01000,3137500
2019-08-26,27.13000,27.48000,27.05000,27.20000,27.20000,3269400
2019-08-27,27.49000,27.49000,26.44000,26.47000,26.47000,3259700
2019-08-28,26.33000,27.03000,26.21000,26.94000,26.94000,4328000
2019-08-29,27.19000,28.12000,27.19000,27.73000,27.73000,3727300
2019-08-30,27.84000,28.12000,27.40000,27.60000,27.60000,3163900
2019-09-03,27.32000,27.51000,26.73000,26.89000,26.89000,5009000
2019-09-04,27.08000,27.36000,26.57000,27.04000,27.04000,4598100
2019-09-05,27.33000,27.52000,27.14000,27.40000,27.40000,2984600
2019-09-06,27.51000,27.93000,27.32000,27.34000,27.34000,2166500
2019-09-09,27.32000,27.65000,27.21000,27.30000,27.30000,3901400
2019-09-10,27.34000,28.46000,27.34000,28.43000,28.43000,4404400
2019-09-11,28.37000,28.58000,27.74000,28.55000,28.55000,3260800
2019-09-12,28.49000,28.54000,27.60000,28.11000,28.11000,3530900
2019-09-13,28.20000,28.63000,27.83000,27.89000,27.89000,2909700
2019-09-16,27.88000,27.97000,27.56000,27.97000,27.97000,1925600
2019-09-17,27.80000,27.83000,26.80000,27.20000,27.20000,6628300
2019-09-18,27.05000,27.25000,26.49000,27.21000,27.21000,5576600
2019-09-19,27.23000,27.46000,26.59000,26.67000,26.67000,3122600
2019-09-20,26.83000,26.83000,26.22000,26.23000,26.23000,4448800
2019-09-23,26.19000,26.62000,25.90000,26.58000,26.58000,2991600
2019-09-24,27.12000,27.12000,26.12000,26.42000,26.42000,4319200
2019-09-25,26.36000,26.92000,26.22000,26.69000,26.69000,4245900
2019-09-26,26.76000,26.76000,26.08000,26.46000,26.46000,4333900
2019-09-27,26.52000,26.90000,26.34000,26.80000,26.80000,4577300
2019-09-30,26.86000,27.10000,26.59000,26.63000,26.63000,2746000
2019-10-01,26.62000,27.04000,26.58000,26.77000,26.77000,2819000
2019-10-02,26.60000,26.64000,25.95000,26.43000,26.43000,3328000
2019-10-03,26.38000,27.04000,26.04000,27.02000,27.02000,4646400
2019-10-04,27.05000,27.24000,26.83000,27.01000,27.01000,3453700
2019-10-07,27.01000,27.63000,26.87000,27.38000,27.38000,2888100
2019-10-08,27.13000,27.23000,26.81000,26.83000,26.83000,3623400
2019-10-09,26.95000,27.27000,26.84000,27.01000,27.01000,2733800
2019-10-10,27.01000,27.47000,26.96000,27.35000,27.35000,2341400
2019-10-11,27.65000,28.21000,27.56000,27.97000,27.97000,2666500
2019-10-14,27.85000,27.93000,27.53000,27.75000,27.75000,2112200
2019-10-15,27.83000,28.06000,27.39000,27.86000,27.86000,2537400
2019-10-16,27.78000,28.17000,27.45000,27.80000,27.80000,3001500
2019-10-17,28.01000,28.01000,27.22000,27.89000,27.89000,2592500
2019-10-18,28.13000,28.43000,27.68000,27.71000,27.71000,3224300
2019-10-21,27.84000,28.09000,27.61000,27.69000,27.69000,2135200
2019-10-22,28.24000,28.25000,27.65000,28.17000,28.17000,4608800
2019-10-23,28.03000,28.32000,27.87000,28.16000,28.16000,2607500
2019-10-24,28.25000,28.25000,26.93000,27.54000,27.54000,4256500
2019-10-25,27.60000,28.04000,27.44000,27.57000,27.57000,2948600
2019-10-28,27.66000,28.28000,27.60000,27.79000,27.79000,3583800
2019-10-29,27.80000,27.80000,27.35000,27.42000,27.42000,2440800
2019-10-30,27.30000,27.42000,26.64000,26.91000,26.91000,3987800
2019-10-31,26.90000,26.96000,26.54000,26.96000,26.96000,3646200
2019-11-01,27.05000,27.46000,26.94000,27.26000,27.26000,3402200
2019-11-04,27.51000,27.85000,27.15000,27.81000,27.81000,3279200
2019-11-05,27.96000,28.35000,27.77000,27.95000,27.95000,4070300
2019-11-06,28.05000,28.14000,27.61000,27.69000,27.69000,5049700
2019-11-07,28.72000,31.09000,28.33000,31.03000,31.03000,9685600
2019-11-08,30.98000,31.30000,30.42000,30.91000,30.91000,8144400
2019-11-11,30.85000,31.02000,30.61000,30.96000,30.96000,4580300
2019-11-12,30.83000,31.38000,30.54000,30.74000,30.74000,2686600
2019-11-13,30.54000,30.76000,29.68000,29.88000,29.88000,5916700
2019-11-14,29.74000,30.26000,29.65000,29.90000,29.90000,4132100
2019-11-15,30.00000,30.24000,29.61000,29.72000,29.72000,4881200
2019-11-18,30.28000,30.90000,29.97000,30.76000,30.76000,7963700
2019-11-19,30.90000,31.64000,30.74000,31.57000,31.57000,4688900
2019-11-20,31.60000,32.44000,31.39000,32.02000,32.02000,6203600
2019-11-21,32.07000,32.58000,31.53000,32.14000,32.14000,6268300
2019-11-22,32.17000,32.61000,32.00000,32.53000,32.53000,4801200
2019-11-25,32.60000,32.67000,32.16000,32.33000,32.33000,3510600
2019-11-26,32.21000,33.57000,32.04000,33.36000,33.36000,8385000
2019-11-27,33.47000,33.66000,32.90000,33.12000,33.12000,3674600
2019-11-29,33.15000,33.23000,32.83000,32.94000,32.94000,1059200
2019-12-02,32.88000,33.40000,32.70000,32.74000,32.74000,6239000
2019-12-03,32.34000,32.57000,31.85000,32.13000,32.13000,4364300
2019-12-04,32.27000,32.58000,32.10000,32.20000,32.20000,2805200
2019-12-05,32.48000,32.48000,32.00000,32.08000,32.08000,3114000
2019-12-06,32.29000,32.40000,31.99000,32.04000,32.04000,2181700
2019-12-09,31.98000,32.29000,31.87000,32.02000,32.02000,1745400
2019-12-10,32.08000,32.63000,31.85000,32.24000,32.24000,3972800
2019-12-11,32.20000,32.53000,32.04000,32.09000,32.09000,2524000
2019-12-12,32.09000,32.50000,31.98000,32.36000,32.36000,2068100
2019-12-13,32.52000,32.67000,32.13000,32.34000,32.34000,2694000
2019-12-16,32.37000,32.58000,32.04000,32.35000,32.35000,2288000
2019-12-17,32.19000,32.49000,32.05000,32.37000,32.37000,2443400
2019-12-18,32.33000,32.86000,32.32000,32.35000,32.35000,2635300
2019-12-19,32.46000,32.91000,32.44000,32.76000,32.76000,2561600
2019-12-20,32.93000,33.11000,32.39000,32.95000,32.95000,3227200
2019-12-23,32.89000,33.18000,32.78000,32.90000,32.90000,3411100
2019-12-24,33.00000,33.25000,32.88000,33.03000,33.03000,796300
2019-12-26,33.12000,33.32000,32.93000,33.28000,33.28000,1538400
2019-12-27,33.36000,33.48000,32.99000,33.13000,33.13000,1579300
2019-12-30,33.17000,33.35000,32.70000,32.76000,32.76000,1440000
2019-12-31,32.74000,32.81000,32.45000,32.74000,32.74000,4029800
2020-01-02,32.82000,32.84000,32.01000,32.22000,32.22000,3249300
2020-01-03,31.84000,32.23000,31.77000,32.03000,32.03000,3599600
2020-01-06,31.83000,32.08000,31.57000,31.96000,31.96000,2416900
2020-01-07,31.83000,32.54000,31.76000,32.07000,32.07000,3102000
2020-01-08,32.01000,32.39000,31.96000,32.11000,32.11000,3674100
2020-01-09,32.20000,32.57000,32.02000,32.25000,32.25000,6465100
2020-01-10,32.29000,32.29000,31.74000,31.85000,31.85000,4092000
2020-01-13,31.75000,31.94000,31.46000,31.79000,31.79000,3618500
2020-01-14,31.78000,31.99000,31.65000,31.90000,31.90000,3799500
2020-01-15,31.73000,32.24000,31.67000,32.24000,32.24000,3134500
2020-01-16,32.32000,32.87000,32.25000,32.77000,32.77000,4272700
2020-01-17,32.79000,32.89000,32.36000,32.43000,32.43000,3296400
2020-01-21,32.32000,32.39000,31.85000,31.97000,31.97000,3268200
2020-01-22,32.17000,32.46000,31.93000,32.03000,32.03000,2400300
2020-01-23,31.93000,32.03000,30.40000,30.45000,30.45000,7597700
2020-01-24,30.42000,30.42000,29.90000,30.32000,30.32000,6040900
2020-01-27,30.00000,30.40000,29.89000,30.20000,30.20000,3653300
2020-01-28,30.35000,30.76000,30.24000,30.52000,30.52000,3693000
2020-01-29,30.42000,30.56000,29.59000,29.70000,29.70000,5557600
2020-01-30,29.55000,29.96000,29.50000,29.92000,29.92000,3519300
2020-01-31,29.81000,30.08000,29.07000,29.26000,29.26000,3863200
2020-02-03,29.41000,29.94000,29.11000,29.15000,29.15000,3865000
2020-02-04,29.44000,29.80000,29.35000,29.74000,29.74000,4309700
2020-02-05,30.11000,30.84000,30.07000,30.63000,30.63000,3434600
2020-02-06,30.81000,30.88000,29.91000,30.05000,30.05000,3190800
2020-02-07,29.90000,30.07000,29.60000,29.79000,29.79000,2607700
2020-02-10,29.66000,29.86000,29.41000,29.83000,29.83000,4993900
2020-02-11,30.00000,30.43000,29.72000,30.21000,30.21000,4671200
2020-02-12,30.58000,30.60000,29.85000,30.35000,30.35000,3582700
2020-02-13,30.24000,30.51000,30.02000,30.33000,30.33000,2513800
2020-02-14,30.42000,30.48000,30.01000,30.21000,30.21000,3877300
2020-02-18,30.15000,30.58000,30.13000,30.30000,30.30000,2385200
2020-02-19,30.30000,30.77000,30.11000,30.48000,30.48000,3124400
2020-02-20,29.82000,30.09000,29.38000,29.98000,29.98000,5705100
2020-02-21,29.81000,29.89000,29.12000,29.21000,29.21000,4574600
2020-02-24,28.51000,28.66000,27.96000,28.31000,28.31000,7157200
2020-02-25,28.34000,28.50000,27.04000,27.42000,27.42000,8349799
2020-02-26,27.63000,28.33000,26.40000,26.47000,26.47000,6230400
2020-02-27,25.39000,25.39000,23.89000,24.67000,24.67000,17025100
2020-02-28,24.14000,25.90000,24.00000,25.70000,25.70000,12545600
2020-03-02,25.89000,26.43000,24.94000,26.40000,26.40000,8373200
2020-03-03,26.17000,26.93000,25.62000,26.24000,26.24000,9827100
2020-03-04,26.48000,26.52000,25.76000,26.51000,26.51000,6581000
2020-03-05,25.74000,25.97000,24.98000,25.23000,25.23000,6480700
2020-03-06,24.34000,25.56000,24.25000,25.44000,25.44000,6481800
2020-03-09,23.94000,24.78000,23.60000,23.65000,23.65000,8612200
2020-03-10,24.48000,25.09000,23.53000,25.08000,25.08000,6338600
2020-03-11,24.41000,24.79000,23.81000,24.06000,24.06000,7673800
2020-03-12,22.61000,22.77000,20.88000,22.28000,22.28000,6020300
2020-03-13,23.36000,24.04000,20.88000,22.89000,22.89000,6133500
2020-03-16,19.87000,21.24000,19.29000,20.63000,20.63000,6406400
2020-03-17,21.16000,21.60000,19.75000,21.51000,21.51000,6561000
2020-03-18,20.11000,20.81000,17.70000,19.88000,19.88000,7042400
2020-03-19,19.50000,21.77000,19.24000,21.22000,21.22000,6371600
2020-03-20,21.40000,21.97000,18.57000,18.76000,18.76000,6594900
2020-03-23,19.23000,19.23000,17.12000,18.49000,18.49000,6725700
2020-03-24,19.45000,21.10000,18.85000,20.03000,20.03000,7552300
2020-03-25,20.25000,22.20000,18.80000,21.06000,21.06000,8722100
2020-03-26,21.59000,22.08000,20.07000,20.93000,20.93000,6920700
2020-03-27,19.98000,20.49000,18.93000,19.03000,19.03000,4376900
2020-03-30,18.79000,20.17000,18.10000,20.01000,20.01000,4938100
2020-03-31,20.12000,20.46000,19.37000,19.44000,19.44000,4748900
2020-04-01,18.76000,20.01000,18.55000,19.45000,19.45000,7346300
2020-04-02,19.18000,20.05000,18.46000,18.68000,18.68000,5788700
2020-04-03,18.55000,18.92000,17.69000,18.36000,18.36000,4396200
2020-04-06,19.18000,20.13000,19.00000,19.65000,19.65000,4996400
2020-04-07,20.90000,21.75000,20.52000,20.67000,20.67000,6925000
2020-04-08,20.84000,22.06000,20.64000,21.58000,21.58000,5039500
2020-04-09,22.27000,22.75000,21.99000,22.32000,22.32000,4954600
2020-04-13,22.00000,22.30000,20.89000,21.99000,21.99000,4384700
2020-04-14,22.05000,22.79000,22.00000,22.30000,22.30000,3237200
2020-04-15,21.33000,21.57000,20.93000,21.35000,21.35000,3826200
2020-04-16,21.41000,21.61000,20.64000,21.47000,21.47000,3689000
2020-04-17,22.11000,22.43000,21.83000,22.14000,22.14000,3620100
2020-04-20,21.52000,22.32000,21.46000,21.70000,21.70000,3475600
2020-04-21,21.43000,21.59000,20.77000,20.78000,20.78000,3079400
2020-04-22,21.25000,21.42000,20.31000,20.37000,20.37000,3465700
2020-04-23,20.35000,21.07000,20.03000,20.39000,20.39000,4573000
2020-04-24,20.50000,21.17000,20.11000,21.02000,21.02000,4155500
2020-04-27,21.21000,23.01000,21.20000,22.75000,22.75000,3895400
2020-04-28,23.25000,23.93000,22.84000,23.42000,23.42000,5743800
2020-04-29,24.06000,25.05000,24.06000,24.73000,24.73000,5105700
2020-04-30,23.80000,24.35000,21.86000,22.42000,22.42000,8243700
2020-05-01,22.11000,22.11000,21.25000,21.67000,21.67000,4044500
2020-05-04,21.33000,21.97000,20.92000,21.87000,21.87000,5692300
2020-05-05,21.96000,22.11000,21.13000,21.25000,21.25000,7110500
2020-05-06,21.60000,21.79000,20.20000,20.85000,20.85000,11838600
2020-05-07,21.22000,22.03000,20.40000,20.53000,20.53000,7390000
2020-05-08,21.03000,21.51000,20.79000,21.09000,21.09000,6249500
2020-05-11,20.81000,20.92000,19.76000,20.33000,20.33000,7499000
2020-05-12,20.38000,20.53000,19.75000,19.78000,19.78000,6685200
2020-05-13,19.71000,19.73000,18.70000,19.13000,19.13000,6004900
2020-05-14,18.88000,20.56000,18.56000,20.54000,20.54000,12729100
2020-05-15,20.20000,20.74000,19.96000,20.47000,20.47000,4705800
2020-05-18,21.13000,21.63000,20.93000,21.28000,21.28000,5497000
2020-05-19,21.15000,21.49000,20.71000,21.05000,21.05000,3934500
2020-05-20,21.41000,21.78000,21.00000,21.17000,21.17000,3251900
2020-05-21,21.07000,21.29000,20.61000,20.67000,20.67000,4314300
2020-05-22,20.75000,20.95000,20.21000,20.30000,20.30000,4316600
2020-05-26,21.11000,22.06000,20.86000,21.92000,21.92000,5659700
2020-05-27,22.26000,23.10000,22.07000,22.62000,22.62000,6310900
2020-05-28,22.83000,22.92000,21.88000,21.97000,21.97000,4259200
2020-05-29,21.61000,21.87000,21.04000,21.75000,21.75000,5733800
2020-06-01,21.81000,22.23000,21.72000,21.95000,21.95000,2886800
2020-06-02,22.34000,22.37000,21.76000,21.83000,21.83000,4079400
2020-06-03,22.14000,22.80000,22.13000,22.27000,22.27000,4604000
2020-06-04,22.23000,23.12000,21.81000,23.09000,23.09000,4290800
2020-06-05,24.16000,24.89000,23.72000,24.78000,24.78000,8410000
2020-06-08,25.09000,26.27000,25.04000,26.15000,26.15000,8251400
2020-06-09,25.30000,25.53000,23.51000,23.88000,23.88000,6824500
2020-06-10,23.77000,23.89000,22.73000,23.17000,23.17000,4017200
2020-06-11,21.77000,22.70000,21.64000,22.34000,22.34000,7020600
2020-06-12,23.18000,23.22000,21.38000,22.07000,22.07000,6885900
2020-06-15,21.42000,23.15000,21.21000,22.75000,22.75000,5444900
2020-06-16,23.53000,23.69000,21.44000,22.26000,22.26000,7255200
2020-06-17,22.27000,22.60000,21.77000,22.17000,22.17000,3807500
2020-06-18,21.97000,22.63000,21.82000,22.52000,22.52000,2855900
2020-06-19,22.34000,22.96000,22.05000,22.15000,22.15000,5102800
2020-06-22,21.88000,21.97000,21.02000,21.84000,21.84000,6120100
2020-06-23,22.14000,22.55000,21.88000,22.16000,22.16000,3504100
2020-06-24,21.92000,21.92000,21.09000,21.72000,21.72000,4295300
2020-06-25,21.51000,21.54000,20.82000,21.26000,21.26000,4238600
2020-06-26,21.02000,21.17000,19.95000,20.26000,20.26000,5675800
2020-06-29,20.32000,21.30000,20.13000,21.23000,21.23000,4740900
2020-06-30,21.18000,21.33000,20.82000,21.10000,21.10000,3462400
2020-07-01,21.23000,21.80000,20.97000,21.07000,21.07000,4210100
2020-07-02,21.51000,21.75000,20.70000,20.79000,20.79000,3699200
2020-07-06,21.27000,21.37000,20.73000,21.24000,21.24000,5097400
2020-07-07,21.04000,21.07000,20.27000,20.36000,20.36000,3862500
2020-07-08,20.38000,20.44000,19.99000,20.22000,20.22000,4261900
2020-07-09,20.21000,20.23000,19.11000,19.25000,19.25000,6459800
2020-07-10,19.25000,20.37000,19.21000,20.23000,20.23000,5275800
2020-07-13,20.36000,20.93000,19.71000,20.52000,20.52000,6806300
2020-07-14,20.21000,20.95000,20.10000,20.65000,20.65000,2873100
2020-07-15,20.92000,22.05000,20.91000,21.78000,21.78000,6513600
2020-07-16,21.57000,22.12000,21.49000,22.02000,22.02000,3763200
2020-07-17,21.77000,22.22000,21.38000,21.42000,21.42000,2707500
2020-07-20,21.25000,21.41000,20.57000,20.77000,20.77000,3975100
2020-07-21,20.95000,21.44000,20.83000,20.98000,20.98000,2812500
2020-07-22,20.96000,21.35000,20.76000,21.11000,21.11000,2178500
2020-07-23,21.14000,21.56000,21.02000,21.35000,21.35000,2780900
2020-07-24,21.45000,21.69000,20.86000,21.15000,21.15000,2344200
2020-07-27,21.12000,21.17000,20.64000,20.88000,20.88000,1861400
2020-07-28,20.19000,21.02000,20.19000,20.78000,20.78000,2604200
2020-07-29,20.87000,21.10000,20.63000,21.00000,21.00000,1756100
2020-07-30,20.70000,21.24000,20.55000,21.15000,21.15000,2603900
2020-07-31,21.06000,21.12000,20.69000,21.10000,21.10000,2581900
2020-08-03,21.18000,21.45000,20.83000,21.34000,21.34000,3774500
2020-08-04,21.48000,22.55000,21.30000,22.01000,22.01000,6025100
2020-08-05,23.00000,23.00000,21.06000,21.12000,21.12000,8065300
2020-08-06,21.10000,21.79000,21.07000,21.63000,21.63000,6525200
2020-08-07,21.56000,21.91000,20.88000,20.98000,20.98000,6863700
2020-08-10,21.10000,21.84000,21.10000,21.78000,21.78000,4900600
2020-08-11,21.98000,23.67000,21.95000,22.48000,22.48000,7525200
2020-08-12,22.80000,22.84000,21.81000,21.82000,21.82000,3153400
2020-08-13,21.68000,22.12000,21.53000,21.97000,21.97000,2462400
2020-08-14,21.93000,22.73000,21.85000,22.62000,22.62000,2470100
2020-08-17,22.47000,22.54000,21.70000,22.09000,22.09000,2614800
2020-08-18,22.14000,22.29000,21.94000,22.06000,22.06000,2199000
2020-08-19,22.36000,22.51000,22.06000,22.22000,22.22000,1967400
2020-08-20,22.02000,22.38000,21.89000,22.13000,22.13000,2768000
2020-08-21,22.00000,22.16000,21.77000,21.99000,21.99000,2042700
2020-08-24,21.94000,22.88000,21.89000,22.81000,22.81000,3604400
2020-08-25,22.93000,23.01000,22.38000,22.86000,22.86000,3359600
2020-08-26,22.89000,23.05000,22.57000,22.77000,22.77000,2597200
2020-08-27,22.77000,23.12000,22.65000,22.86000,22.86000,3296500
2020-08-28,22.88000,22.98000,22.69000,22.88000,22.88000,3012800
2020-08-31,22.80000,22.95000,21.99000,22.07000,22.07000,4060200
2020-09-01,22.04000,22.04000,21.27000,21.42000,21.42000,4101100
2020-09-02,21.30000,22.13000,21.22000,21.81000,21.81000,4066100
2020-09-03,21.97000,22.68000,21.46000,21.64000,21.64000,5404400
2020-09-04,21.88000,22.88000,21.80000,22.81000,22.81000,9453100
2020-09-08,22.57000,23.20000,22.43000,22.50000,22.50000,5360100
2020-09-09,22.52000,23.19000,22.12000,23.06000,23.06000,4488500
2020-09-10,23.23000,23.80000,23.23000,23.45000,23.45000,5316900
2020-09-11,23.41000,23.58000,22.55000,22.83000,22.83000,5007600
2020-09-14,23.00000,23.89000,22.91000,23.77000,23.77000,5051900
2020-09-15,23.85000,24.12000,23.64000,23.82000,23.82000,3402000
2020-09-16,23.94000,24.77000,23.89000,24.27000,24.27000,3517100
2020-09-17,24.05000,24.68000,23.89000,24.20000,24.20000,4015500
2020-09-18,24.04000,24.32000,23.76000,23.88000,23.88000,5109500
2020-09-21,23.43000,23.52000,22.29000,22.42000,22.42000,4096500
2020-09-22,22.42000,22.77000,22.18000,22.33000,22.33000,2466500
2020-09-23,22.00000,22.58000,21.09000,21.12000,21.12000,3930700
2020-09-24,21.21000,21.55000,20.79000,21.32000,21.32000,3377200
2020-09-25,21.07000,21.42000,20.87000,21.33000,21.33000,2414600
2020-09-28,21.75000,22.12000,21.56000,21.95000,21.95000,3105700
2020-09-29,21.93000,22.13000,21.59000,21.75000,21.75000,2295800
2020-09-30,21.89000,22.30000,21.64000,21.77000,21.77000,2872700
2020-10-01,21.89000,22.02000,21.24000,21.51000,21.51000,3595600
2020-10-02,21.15000,21.60000,21.06000,21.50000,21.50000,2568400
2020-10-05,21.96000,22.13000,21.62000,21.91000,21.91000,2154700
2020-10-06,22.05000,22.12000,21.49000,21.52000,21.52000,2557200
2020-10-07,21.53000,22.34000,21.41000,22.19000,22.19000,2665900
2020-10-08,22.33000,22.79000,22.28000,22.77000,22.77000,3097500
2020-10-09,22.85000,23.05000,22.23000,22.24000,22.24000,3039800
2020-10-12,22.17000,22.42000,21.91000,22.34000,22.34000,1877600
2020-10-13,22.26000,22.44000,21.46000,21.57000,21.57000,5107300
2020-10-14,21.65000,21.76000,20.89000,20.93000,20.93000,6082400
2020-10-15,20.84000,21.03000,20.54000,20.97000,20.97000,4019200
2020-10-16,20.89000,21.16000,20.56000,20.96000,20.96000,2750000
2020-10-19,21.16000,21.20000,20.13000,20.20000,20.20000,2728000
2020-10-20,20.48000,20.49000,20.13000,20.25000,20.25000,2815200
2020-10-21,20.11000,20.82000,20.01000,20.72000,20.72000,3812400
2020-10-22,21.09000,21.38000,20.77000,21.18000,21.18000,2905200
2020-10-23,21.43000,21.43000,20.72000,21.10000,21.10000,2149100
2020-10-26,20.93000,20.98000,20.28000,20.52000,20.52000,2916500
2020-10-27,20.39000,20.48000,20.09000,20.10000,20.10000,4401400
2020-10-28,19.80000,19.97000,19.20000,19.27000,19.27000,5059100
2020-10-29,19.13000,19.84000,19.07000,19.74000,19.74000,5898000
2020-10-30,19.81000,20.24000,19.67000,20.24000,20.24000,4915000
2020-11-02,20.78000,21.25000,20.02000,21.12000,21.12000,5148400
2020-11-03,21.39000,21.80000,20.98000,21.12000,21.12000,5467700
2020-11-04,21.00000,21.06000,20.21000,20.53000,20.53000,6833900
2020-11-05,21.12000,21.59000,20.63000,21.43000,21.43000,7766600
2020-11-06,21.37000,21.42000,20.47000,20.93000,20.93000,4866300
2020-11-09,21.86000,23.08000,21.69000,22.12000,22.12000,6480800
2020-11-10,22.12000,22.99000,21.96000,22.92000,22.92000,4378600
2020-11-11,22.89000,22.95000,22.36000,22.44000,22.44000,4366000
2020-11-12,22.46000,22.50000,21.57000,21.80000,21.80000,3520900
2020-11-13,22.02000,23.46000,21.93000,23.12000,23.12000,5139300
2020-11-16,23.70000,24.37000,23.62000,24.07000,24.07000,7796000
2020-11-17,23.59000,24.57000,23.47000,24.30000,24.30000,4434900
2020-11-18,24.32000,25.05000,24.10000,24.50000,24.50000,6499300
2020-11-19,24.14000,25.19000,24.14000,25.03000,25.03000,5849500
2020-11-20,24.90000,25.58000,24.75000,25.49000,25.49000,10031300
2020-11-23,25.80000,26.63000,25.57000,26.50000,26.50000,8470900
2020-11-24,26.99000,27.38000,26.78000,27.20000,27.20000,6544200
2020-11-25,26.90000,27.35000,26.72000,27.30000,27.30000,5946300
2020-11-27,27.19000,27.66000,27.12000,27.48000,27.48000,3959900
2020-11-30,27.27000,27.41000,26.72000,26.91000,26.91000,7719400
2020-12-01,27.39000,28.16000,27.14000,27.68000,27.68000,11279500
2020-12-02,29.21000,29.22000,27.14000,28.37000,28.37000,10500200
2020-12-03,28.79000,29.20000,28.05000,28.24000,28.24000,8932000
2020-12-04,28.34000,28.78000,28.16000,28.48000,28.48000,7208900
2020-12-07,28.29000,28.81000,28.04000,28.80000,28.80000,7088300
2020-12-08,28.47000,28.85000,27.82000,28.09000,28.09000,11304800
2020-12-09,28.18000,28.63000,28.14000,28.50000,28.50000,5417400
2020-12-10,28.21000,29.05000,28.10000,28.79000,28.79000,6368300
2020-12-11,28.65000,28.98000,28.50000,28.93000,28.93000,8342200
2020-12-14,29.12000,29.18000,28.43000,28.65000,28.65000,7387400
2020-12-15,28.84000,28.84000,27.91000,28.70500,28.70500,2692165
2020-12-16,28.66000,29.02000,28.40000,28.79000,28.79000,5955100
2020-12-17,28.79000,28.89000,28.20500,28.60500,28.60500,4011331
2020-12-18,28.00000,28.51000,27.37000,27.80000,27.80000,8319799
2020-12-21,27.36000,27.60000,26.87000,27.37000,27.37000,9440200
2020-12-22,27.56000,27.62000,26.92000,27.21000,27.21000,5403400
2020-12-23,27.40000,28.46000,27.32000,28.26000,28.26000,5542200
2020-12-24,28.29000,28.73000,27.97000,28.57000,28.57000,3471600
2020-12-28,28.71000,29.47000,28.31000,29.45000,29.45000,5020500
2020-12-29,29.57000,29.80000,29.18000,29.69000,29.69000,4271800
2020-12-30,29.69000,30.01000,29.45000,29.81000,29.81000,3191200
2020-12-31,29.90000,30.33000,29.70000,30.09000,30.09000,5191500
2021-01-04,31.07000,31.07000,29.77000,30.58500,30.58500,4882650